# time	B0_r_i(1)	B0_r_i(2)	B0_r_i(3)	0_A_i(1,1)	0_A_i(1,2)	0_A_i(1,3)	0_A_i(2,1)	...
0.000000	0.000000	0.000000	0.000000	0.789785	-0.613384	0.000000	0.613384	0.789785	0.000000	0.000000	0.000000	1.000000	0.000000	0.000000	0.000000	0.726983	-0.308637	0.613384	0.564609	-0.239702	-0.789785	0.390786	0.920482	0.000000	0.133765	0.103888	0.071905	0.786776	0.068872	-0.613384	0.611047	0.053489	0.789785	0.087203	-0.996191	-0.000000	0.228302	0.177310	-0.114367	0.882166	-0.465876	0.068872	-0.469578	-0.881269	0.053489	0.035775	-0.079527	-0.996191	0.228302	0.177310	-0.114367	0.830853	-0.304372	0.465876	-0.404760	0.243996	0.881269	-0.381906	-0.920773	0.079527	0.210648	0.191461	-0.167772	0.056891	-0.950853	-0.304372	-0.960255	-0.135558	0.243996	-0.273264	0.278394	-0.920773	
0.010000	0.000000	0.000000	0.000000	0.789925	-0.613204	0.000000	0.613204	0.789925	0.000000	0.000000	0.000000	1.000000	0.000000	0.000000	0.000000	0.727126	-0.308657	0.613204	0.564454	-0.239605	-0.789925	0.390742	0.920500	0.000000	0.133791	0.103860	0.071897	0.786909	0.068960	-0.613204	0.610863	0.053533	0.789925	0.087300	-0.996182	-0.000000	0.228359	0.177271	-0.114363	0.882049	-0.466085	0.068960	-0.469795	-0.881151	0.053533	0.035814	-0.079616	-0.996182	0.228359	0.177271	-0.114363	0.830818	-0.304148	0.466085	-0.404967	0.244080	0.881151	-0.381762	-0.920825	0.079616	0.210718	0.191427	-0.167771	0.056696	-0.950936	-0.304148	-0.960268	-0.135319	0.244080	-0.273261	0.278225	-0.920825	
0.020000	0.000000	0.000000	0.000000	0.790314	-0.612702	0.000000	0.612702	0.790314	0.000000	0.000000	0.000000	1.000000	0.000000	0.000000	0.000000	0.727520	-0.308726	0.612702	0.564020	-0.239344	-0.790314	0.390637	0.920545	0.000000	0.133864	0.103780	0.071877	0.787278	0.069208	-0.612702	0.610348	0.053655	0.790314	0.087571	-0.996158	-0.000000	0.228518	0.177162	-0.114350	0.881723	-0.466663	0.069208	-0.470398	-0.880822	0.053655	0.035921	-0.079864	-0.996158	0.228518	0.177162	-0.114350	0.830719	-0.303531	0.466663	-0.405540	0.244316	0.880822	-0.381370	-0.920966	0.079864	0.210913	0.191332	-0.167766	0.056156	-0.951165	-0.303531	-0.960300	-0.134660	0.244316	-0.273258	0.277761	-0.920966	
0.030000	0.000000	0.000000	0.000000	0.790948	-0.611883	0.000000	0.611883	0.790948	0.000000	0.000000	0.000000	1.000000	0.000000	0.000000	0.000000	0.728163	-0.308834	0.611883	0.563311	-0.238916	-0.790948	0.390461	0.920620	0.000000	0.133982	0.103649	0.071845	0.787879	0.069619	-0.611883	0.609508	0.053858	0.790948	0.088020	-0.996119	-0.000000	0.228779	0.176985	-0.114329	0.881190	-0.467609	0.069619	-0.471383	-0.880283	0.053858	0.036100	-0.080276	-0.996119	0.228779	0.176985	-0.114329	0.830559	-0.302513	0.467609	-0.406476	0.244703	0.880283	-0.380722	-0.921198	0.080276	0.211233	0.191177	-0.167758	0.055274	-0.951541	-0.302513	-0.960352	-0.133581	0.244703	-0.273255	0.276993	-0.921198	
0.040000	0.000000	0.000000	0.000000	0.791815	-0.610760	0.000000	0.610760	0.791815	0.000000	0.000000	0.000000	1.000000	0.000000	0.000000	0.000000	0.729044	-0.308976	0.610760	0.562342	-0.238326	-0.791815	0.390213	0.920725	0.000000	0.134144	0.103471	0.071799	0.788698	0.070191	-0.610760	0.608356	0.054142	0.791815	0.088646	-0.996063	-0.000000	0.229138	0.176743	-0.114299	0.880456	-0.468904	0.070191	-0.472733	-0.879541	0.054142	0.036349	-0.080851	-0.996063	0.229138	0.176743	-0.114299	0.830341	-0.301104	0.468904	-0.407759	0.245235	0.879541	-0.379825	-0.921518	0.080851	0.211674	0.190967	-0.167747	0.054066	-0.952057	-0.301104	-0.960421	-0.132101	0.245235	-0.273254	0.275928	-0.921518	
0.050000	0.000000	0.000000	0.000000	0.792902	-0.609350	0.000000	0.609350	0.792902	0.000000	0.000000	0.000000	1.000000	0.000000	0.000000	0.000000	0.730152	-0.309146	0.609350	0.561126	-0.237580	-0.792902	0.389892	0.920861	0.000000	0.134348	0.103247	0.071740	0.789723	0.070925	-0.609350	0.606907	0.054506	0.792902	0.089449	-0.995991	-0.000000	0.229591	0.176442	-0.114261	0.879528	-0.470532	0.070925	-0.474432	-0.878603	0.054506	0.036668	-0.081588	-0.995991	0.229591	0.176442	-0.114261	0.830068	-0.299312	0.470532	-0.409374	0.245906	0.878603	-0.378683	-0.921923	0.081588	0.212231	0.190704	-0.167733	0.052549	-0.952707	-0.299312	-0.960505	-0.130235	0.245906	-0.273257	0.274568	-0.921923	
0.060000	0.000000	0.000000	0.000000	0.794193	-0.607665	0.000000	0.607665	0.794193	0.000000	0.000000	0.000000	1.000000	0.000000	0.000000	0.000000	0.731475	-0.309335	0.607665	0.559677	-0.236683	-0.794193	0.389496	0.921028	0.000000	0.134591	0.102981	0.071667	0.790940	0.071818	-0.607665	0.605175	0.054950	0.794193	0.090429	-0.995903	-0.000000	0.230134	0.176084	-0.114216	0.878414	-0.472474	0.071818	-0.476462	-0.877476	0.054950	0.037056	-0.082488	-0.995903	0.230134	0.176084	-0.114216	0.829743	-0.297144	0.472474	-0.411304	0.246708	0.877476	-0.377300	-0.922410	0.082488	0.212900	0.190393	-0.167715	0.050739	-0.953484	-0.297144	-0.960599	-0.128002	0.246708	-0.273267	0.272919	-0.922410	
0.070000	0.000000	0.000000	0.000000	0.795676	-0.605722	0.000000	0.605722	0.795676	0.000000	0.000000	0.000000	1.000000	0.000000	0.000000	0.000000	0.733000	-0.309536	0.605722	0.558008	-0.235639	-0.795676	0.389022	0.921228	0.000000	0.134872	0.102673	0.071580	0.792332	0.072871	-0.605722	0.603176	0.055475	0.795676	0.091584	-0.995797	-0.000000	0.230765	0.175674	-0.114163	0.877119	-0.474713	0.072871	-0.478806	-0.876166	0.055475	0.037513	-0.083549	-0.995797	0.230765	0.175674	-0.114163	0.829369	-0.294608	0.474713	-0.413534	0.247634	0.876166	-0.375681	-0.922975	0.083549	0.213678	0.190036	-0.167696	0.048653	-0.954379	-0.294608	-0.960702	-0.125418	0.247634	-0.273285	0.270983	-0.922975	
0.080000	0.000000	0.000000	0.000000	0.797336	-0.603535	0.000000	0.603535	0.797336	0.000000	0.000000	0.000000	1.000000	0.000000	0.000000	0.000000	0.734715	-0.309741	0.603535	0.556135	-0.234455	-0.797336	0.388470	0.921462	0.000000	0.135188	0.102329	0.071478	0.793887	0.074085	-0.603535	0.600924	0.056078	0.797336	0.092916	-0.995674	-0.000000	0.231479	0.175215	-0.114103	0.875650	-0.477230	0.074085	-0.481446	-0.874680	0.056078	0.038039	-0.084773	-0.995674	0.231479	0.175215	-0.114103	0.828949	-0.291711	0.477230	-0.416048	0.248675	0.874680	-0.373829	-0.923615	0.084773	0.214559	0.189638	-0.167673	0.046308	-0.955385	-0.291711	-0.960809	-0.122500	0.248675	-0.273314	0.268763	-0.923615	
0.090000	0.000000	0.000000	0.000000	0.799158	-0.601121	0.000000	0.601121	0.799158	0.000000	0.000000	0.000000	1.000000	0.000000	0.000000	0.000000	0.736607	-0.309941	0.601121	0.554070	-0.233135	-0.799158	0.387834	0.921729	0.000000	0.135536	0.101949	0.071362	0.795588	0.075460	-0.601121	0.598435	0.056760	0.799158	0.094424	-0.995532	-0.000000	0.232271	0.174713	-0.114037	0.874014	-0.480005	0.075460	-0.484362	-0.873024	0.056760	0.038633	-0.086159	-0.995532	0.232271	0.174713	-0.114037	0.828484	-0.288460	0.480005	-0.418828	0.249823	0.873024	-0.371749	-0.924326	0.086159	0.215541	0.189202	-0.167648	0.043721	-0.956493	-0.288460	-0.960919	-0.119265	0.249823	-0.273357	0.266264	-0.924326	
0.100000	0.000000	0.000000	0.000000	0.801128	-0.598494	0.000000	0.598494	0.801128	0.000000	0.000000	0.000000	1.000000	0.000000	0.000000	0.000000	0.738665	-0.310127	0.598494	0.551830	-0.231685	-0.801128	0.387114	0.922032	0.000000	0.135914	0.101537	0.071229	0.797419	0.076995	-0.598494	0.595723	0.057520	0.801128	0.096108	-0.995371	-0.000000	0.233140	0.174170	-0.113965	0.872218	-0.483020	0.076995	-0.487537	-0.871205	0.057520	0.039295	-0.087708	-0.995371	0.233140	0.174170	-0.113965	0.827977	-0.284861	0.483020	-0.421859	0.251069	0.871205	-0.369444	-0.925105	0.087708	0.216618	0.188732	-0.167621	0.040910	-0.957695	-0.284861	-0.961026	-0.115732	0.251069	-0.273415	0.263488	-0.925105	
0.110000	0.000000	0.000000	0.000000	0.803229	-0.595670	0.000000	0.595670	0.803229	0.000000	0.000000	0.000000	1.000000	0.000000	0.000000	0.000000	0.740876	-0.310291	0.595670	0.549429	-0.230110	-0.803229	0.386304	0.922371	0.000000	0.136321	0.101095	0.071080	0.799365	0.078692	-0.595670	0.592804	0.058357	0.803229	0.097969	-0.995189	-0.000000	0.234079	0.173592	-0.113886	0.870267	-0.486255	0.078692	-0.490952	-0.869230	0.058357	0.040025	-0.089420	-0.995189	0.234079	0.173592	-0.113886	0.827429	-0.280922	0.486255	-0.425125	0.252405	0.869230	-0.366919	-0.925945	0.089420	0.217786	0.188231	-0.167591	0.037893	-0.958982	-0.280922	-0.961128	-0.111916	0.252405	-0.273492	0.260437	-0.925945	
0.120000	0.000000	0.000000	0.000000	0.805449	-0.592666	0.000000	0.592666	0.805449	0.000000	0.000000	0.000000	1.000000	0.000000	0.000000	0.000000	0.743226	-0.310422	0.592666	0.546881	-0.228415	-0.805449	0.385403	0.922748	0.000000	0.136754	0.100626	0.070914	0.801411	0.080551	-0.592666	0.589694	0.059271	0.805449	0.100007	-0.994987	-0.000000	0.235087	0.172982	-0.113803	0.868168	-0.489689	0.080551	-0.494588	-0.867104	0.059271	0.040821	-0.091296	-0.994987	0.235087	0.172982	-0.113803	0.826844	-0.276648	0.489689	-0.428609	0.253821	0.867104	-0.364176	-0.926845	0.091296	0.219041	0.187703	-0.167560	0.034686	-0.960345	-0.276648	-0.961221	-0.107836	0.253821	-0.273588	0.257116	-0.926845	
0.130000	0.000000	0.000000	0.000000	0.807771	-0.589497	0.000000	0.589497	0.807771	0.000000	0.000000	0.000000	1.000000	0.000000	0.000000	0.000000	0.745705	-0.310512	0.589497	0.544202	-0.226606	-0.807771	0.384406	0.923164	0.000000	0.137210	0.100133	0.070731	0.803539	0.082572	-0.589497	0.586409	0.060259	0.807771	0.102221	-0.994762	-0.000000	0.236158	0.172344	-0.113714	0.865929	-0.493304	0.082572	-0.498427	-0.864835	0.060259	0.041685	-0.093336	-0.994762	0.236158	0.172344	-0.113714	0.826221	-0.272048	0.493304	-0.432294	0.255308	0.864835	-0.361221	-0.927797	0.093336	0.220380	0.187152	-0.167526	0.031308	-0.961774	-0.272048	-0.961303	-0.103509	0.255308	-0.273708	0.253527	-0.927797	
0.140000	0.000000	0.000000	0.000000	0.810181	-0.586180	0.000000	0.586180	0.810181	0.000000	0.000000	0.000000	1.000000	0.000000	0.000000	0.000000	0.748299	-0.310550	0.586180	0.541407	-0.224689	-0.810181	0.383310	0.923620	0.000000	0.137687	0.099619	0.070529	0.805736	0.084755	-0.586180	0.582963	0.061322	0.810181	0.104613	-0.994513	-0.000000	0.237290	0.171683	-0.113620	0.863556	-0.497079	0.084755	-0.502449	-0.862430	0.061322	0.042614	-0.095540	-0.994513	0.237290	0.171683	-0.113620	0.825564	-0.267127	0.497079	-0.436165	0.256856	0.862430	-0.358056	-0.928799	0.095540	0.221796	0.186581	-0.167491	0.027777	-0.963261	-0.267127	-0.961371	-0.098953	0.256856	-0.273852	0.249673	-0.928799	
0.150000	0.000000	0.000000	0.000000	0.812665	-0.582731	0.000000	0.582731	0.812665	0.000000	0.000000	0.000000	1.000000	0.000000	0.000000	0.000000	0.750997	-0.310528	0.582731	0.538511	-0.222668	-0.812665	0.382111	0.924116	0.000000	0.138184	0.099086	0.070308	0.807984	0.087101	-0.582731	0.579374	0.062457	0.812665	0.107180	-0.994240	-0.000000	0.238478	0.171003	-0.113523	0.861057	-0.500994	0.087101	-0.506636	-0.859895	0.062457	0.043607	-0.097908	-0.994240	0.238478	0.171003	-0.113523	0.824874	-0.261894	0.500994	-0.440205	0.258457	0.859895	-0.354686	-0.929845	0.097908	0.223288	0.185994	-0.167454	0.024110	-0.964796	-0.261894	-0.961421	-0.094183	0.258457	-0.274024	0.245559	-0.929845	
0.160000	0.000000	0.000000	0.000000	0.815210	-0.579166	0.000000	0.579166	0.815210	0.000000	0.000000	0.000000	1.000000	0.000000	0.000000	0.000000	0.753788	-0.310436	0.579166	0.535529	-0.220550	-0.815210	0.380806	0.924655	0.000000	0.138697	0.098537	0.070068	0.810269	0.089610	-0.579166	0.575656	0.063663	0.815210	0.109923	-0.993940	-0.000000	0.239718	0.170308	-0.113422	0.858438	-0.505029	0.089610	-0.510969	-0.857238	0.063663	0.044665	-0.100439	-0.993940	0.239718	0.170308	-0.113422	0.824153	-0.256356	0.505029	-0.444398	0.260101	0.857238	-0.351116	-0.930929	0.100439	0.224850	0.185394	-0.167416	0.020324	-0.966369	-0.256356	-0.961451	-0.089220	0.260101	-0.274225	0.241187	-0.930929	
0.170000	0.000000	0.000000	0.000000	0.817800	-0.575503	0.000000	0.575503	0.817800	0.000000	0.000000	0.000000	1.000000	0.000000	0.000000	0.000000	0.756659	-0.310265	0.575503	0.532476	-0.218340	-0.817800	0.379390	0.925237	0.000000	0.139225	0.097976	0.069808	0.812577	0.092281	-0.575503	0.571827	0.064940	0.817800	0.112840	-0.993613	-0.000000	0.241008	0.169602	-0.113318	0.855708	-0.509165	0.092281	-0.515430	-0.854467	0.064940	0.045786	-0.103134	-0.993613	0.241008	0.169602	-0.113318	0.823402	-0.250520	0.509165	-0.448728	0.261779	0.854467	-0.347350	-0.932047	0.103134	0.226477	0.184785	-0.167377	0.016439	-0.967972	-0.250520	-0.961459	-0.084079	0.261779	-0.274458	0.236561	-0.932047	
0.180000	0.000000	0.000000	0.000000	0.820423	-0.571756	0.000000	0.571756	0.820423	0.000000	0.000000	0.000000	1.000000	0.000000	0.000000	0.000000	0.759599	-0.310006	0.571756	0.529368	-0.216044	-0.820423	0.377861	0.925863	0.000000	0.139766	0.097404	0.069526	0.814891	0.095113	-0.571756	0.567901	0.066285	0.820423	0.115932	-0.993257	-0.000000	0.242342	0.168889	-0.113211	0.852873	-0.513381	0.095113	-0.520001	-0.851590	0.066285	0.046968	-0.105991	-0.993257	0.242342	0.168889	-0.113211	0.822624	-0.244396	0.513381	-0.453180	0.263482	0.851590	-0.343392	-0.933192	0.105991	0.228167	0.184171	-0.167336	0.012470	-0.969595	-0.244396	-0.961442	-0.078778	0.263482	-0.274724	0.231687	-0.933192	
0.190000	0.000000	0.000000	0.000000	0.823067	-0.567944	0.000000	0.567944	0.823067	0.000000	0.000000	0.000000	1.000000	0.000000	0.000000	0.000000	0.762599	-0.309649	0.567944	0.526219	-0.213668	-0.823067	0.376213	0.926533	0.000000	0.140318	0.096824	0.069223	0.817199	0.098105	-0.567944	0.563895	0.067696	0.823067	0.119195	-0.992871	-0.000000	0.243718	0.168174	-0.113102	0.849943	-0.517660	0.098105	-0.524664	-0.848614	0.067696	0.048210	-0.109010	-0.992871	0.243718	0.168174	-0.113102	0.821820	-0.237992	0.517660	-0.457737	0.265202	0.848614	-0.339247	-0.934360	0.109010	0.229915	0.183556	-0.167295	0.008436	-0.971230	-0.237992	-0.961400	-0.073336	0.265202	-0.275025	0.226568	-0.934360	
0.200000	0.000000	0.000000	0.000000	0.825718	-0.564083	0.000000	0.564083	0.825718	0.000000	0.000000	0.000000	1.000000	0.000000	0.000000	0.000000	0.765647	-0.309186	0.564083	0.523045	-0.211218	-0.825718	0.374445	0.927249	0.000000	0.140879	0.096240	0.068898	0.819486	0.101257	-0.564083	0.559825	0.069173	0.825718	0.122629	-0.992453	-0.000000	0.245132	0.167460	-0.112992	0.846926	-0.521980	0.101257	-0.529401	-0.845547	0.069173	0.049511	-0.112190	-0.992453	0.245132	0.167460	-0.112992	0.820993	-0.231317	0.521980	-0.462384	0.266929	0.845547	-0.334921	-0.935543	0.112190	0.231716	0.182942	-0.167254	0.004353	-0.972869	-0.231317	-0.961330	-0.067769	0.266929	-0.275363	0.221210	-0.935543	
0.210000	0.000000	0.000000	0.000000	0.828366	-0.560187	0.000000	0.560187	0.828366	0.000000	0.000000	0.000000	1.000000	0.000000	0.000000	0.000000	0.768733	-0.308609	0.560187	0.519860	-0.208699	-0.828366	0.372552	0.928011	0.000000	0.141447	0.095654	0.068550	0.821740	0.104566	-0.560187	0.555706	0.070713	0.828366	0.126231	-0.992001	-0.000000	0.246581	0.166752	-0.112881	0.843830	-0.526324	0.104566	-0.534195	-0.842399	0.070713	0.050868	-0.115528	-0.992001	0.246581	0.166752	-0.112881	0.820144	-0.224380	0.526324	-0.467105	0.268657	0.842399	-0.330419	-0.936737	0.115528	0.233567	0.182334	-0.167212	0.000239	-0.974502	-0.224380	-0.961232	-0.062094	0.268657	-0.275740	0.215618	-0.936737	
0.220000	0.000000	0.000000	0.000000	0.830998	-0.556275	0.000000	0.556275	0.830998	0.000000	0.000000	0.000000	1.000000	0.000000	0.000000	0.000000	0.771848	-0.307910	0.556275	0.516680	-0.206117	-0.830998	0.370531	0.928820	0.000000	0.142020	0.095069	0.068178	0.823946	0.108029	-0.556275	0.551555	0.072316	0.830998	0.130000	-0.991514	-0.000000	0.248060	0.166053	-0.112769	0.840663	-0.530674	0.108029	-0.539029	-0.839177	0.072316	0.052280	-0.119024	-0.991514	0.248060	0.166053	-0.112769	0.819276	-0.217193	0.530674	-0.471887	0.270378	0.839177	-0.325746	-0.937935	0.119024	0.235463	0.181735	-0.167169	-0.003890	-0.976121	-0.217193	-0.961105	-0.056331	0.270378	-0.276156	0.209797	-0.937935	
0.230000	0.000000	0.000000	0.000000	0.833604	-0.552362	0.000000	0.552362	0.833604	0.000000	0.000000	0.000000	1.000000	0.000000	0.000000	0.000000	0.774982	-0.307082	0.552362	0.513517	-0.203478	-0.833604	0.368378	0.929676	0.000000	0.142597	0.094487	0.067782	0.826094	0.111646	-0.552362	0.547385	0.073978	0.833604	0.133931	-0.990991	-0.000000	0.249567	0.165368	-0.112658	0.837436	-0.535010	0.111646	-0.543886	-0.835892	0.073978	0.053744	-0.122675	-0.990991	0.249567	0.165368	-0.112658	0.818391	-0.209764	0.535010	-0.476713	0.272085	0.835892	-0.320908	-0.939132	0.122675	0.237401	0.181149	-0.167127	-0.008017	-0.977719	-0.209764	-0.960947	-0.050494	0.272085	-0.276615	0.203753	-0.939132	
0.240000	0.000000	0.000000	0.000000	0.836175	-0.548463	0.000000	0.548463	0.836175	0.000000	0.000000	0.000000	1.000000	0.000000	0.000000	0.000000	0.778126	-0.306117	0.548463	0.510388	-0.200788	-0.836175	0.366092	0.930579	0.000000	0.143175	0.093911	0.067361	0.828172	0.115411	-0.548463	0.543214	0.075700	0.836175	0.138023	-0.990429	-0.000000	0.251098	0.164700	-0.112547	0.834157	-0.539317	0.115411	-0.548752	-0.832551	0.075700	0.055259	-0.126478	-0.990429	0.251098	0.164700	-0.112547	0.817491	-0.202105	0.539317	-0.481569	0.273771	0.832551	-0.315912	-0.940321	0.126478	0.239375	0.180578	-0.167085	-0.012127	-0.979289	-0.202105	-0.960760	-0.044603	0.273771	-0.277115	0.197494	-0.940321	
0.250000	0.000000	0.000000	0.000000	0.838699	-0.544595	0.000000	0.544595	0.838699	0.000000	0.000000	0.000000	1.000000	0.000000	0.000000	0.000000	0.781272	-0.305008	0.544595	0.507306	-0.198052	-0.838699	0.363668	0.931529	0.000000	0.143754	0.093344	0.066915	0.830168	0.119323	-0.544595	0.539055	0.077480	0.838699	0.142271	-0.989828	-0.000000	0.252649	0.164053	-0.112437	0.830836	-0.543575	0.119323	-0.553609	-0.829164	0.077480	0.056822	-0.130431	-0.989828	0.252649	0.164053	-0.112437	0.816579	-0.194227	0.543575	-0.486441	0.275431	0.829164	-0.310763	-0.941496	0.130431	0.241383	0.180028	-0.167044	-0.016203	-0.980823	-0.194227	-0.960543	-0.038674	0.275431	-0.277660	0.191026	-0.941496	
0.260000	0.000000	0.000000	0.000000	0.841169	-0.540772	0.000000	0.540772	0.841169	0.000000	0.000000	0.000000	1.000000	0.000000	0.000000	0.000000	0.784411	-0.303750	0.540772	0.504283	-0.195276	-0.841169	0.361105	0.932525	0.000000	0.144332	0.092788	0.066443	0.832072	0.123376	-0.540772	0.534924	0.079316	0.841169	0.146672	-0.989185	-0.000000	0.254217	0.163431	-0.112330	0.827482	-0.547770	0.123376	-0.558444	-0.825742	0.079316	0.058430	-0.134531	-0.989185	0.254217	0.163431	-0.112330	0.815659	-0.186141	0.547770	-0.491314	0.277058	0.825742	-0.305469	-0.942651	0.134531	0.243421	0.179501	-0.167003	-0.020230	-0.982315	-0.186141	-0.960296	-0.032724	0.277058	-0.278250	0.184356	-0.942651	
0.270000	0.000000	0.000000	0.000000	0.843576	-0.537010	0.000000	0.537010	0.843576	0.000000	0.000000	0.000000	1.000000	0.000000	0.000000	0.000000	0.787536	-0.302338	0.537010	0.501335	-0.192464	-0.843576	0.358400	0.933568	0.000000	0.144907	0.092246	0.065946	0.833875	0.127567	-0.537010	0.530834	0.081208	0.843576	0.151222	-0.988500	-0.000000	0.255799	0.162838	-0.112224	0.824105	-0.551885	0.127567	-0.563242	-0.822292	0.081208	0.060080	-0.138775	-0.988500	0.255799	0.162838	-0.112224	0.814732	-0.177861	0.551885	-0.496175	0.278650	0.822292	-0.300036	-0.943780	0.138775	0.245483	0.179000	-0.166964	-0.024194	-0.983758	-0.177861	-0.960020	-0.026769	0.278650	-0.278885	0.177491	-0.943780	
0.280000	0.000000	0.000000	0.000000	0.845912	-0.533323	0.000000	0.533323	0.845912	0.000000	0.000000	0.000000	1.000000	0.000000	0.000000	0.000000	0.790637	-0.300765	0.533323	0.498474	-0.189623	-0.845912	0.355551	0.934657	0.000000	0.145477	0.091719	0.065421	0.835566	0.131891	-0.533323	0.526801	0.083154	0.845912	0.155916	-0.987770	-0.000000	0.257391	0.162278	-0.112122	0.820716	-0.555905	0.131891	-0.567988	-0.818826	0.083154	0.061770	-0.143158	-0.987770	0.257391	0.162278	-0.112122	0.813802	-0.169397	0.555905	-0.501011	0.280201	0.818826	-0.294472	-0.944877	0.143158	0.247566	0.178529	-0.166925	-0.028079	-0.985148	-0.169397	-0.959715	-0.020827	0.280201	-0.279567	0.170441	-0.944877	
0.290000	0.000000	0.000000	0.000000	0.848169	-0.529726	0.000000	0.529726	0.848169	0.000000	0.000000	0.000000	1.000000	0.000000	0.000000	0.000000	0.793709	-0.299027	0.529726	0.495712	-0.186758	-0.848169	0.352556	0.935791	0.000000	0.146042	0.091211	0.064870	0.837139	0.136343	-0.529726	0.522837	0.085153	0.848169	0.160750	-0.986995	-0.000000	0.258991	0.161753	-0.112023	0.817324	-0.559815	0.136343	-0.572669	-0.815352	0.085153	0.063498	-0.147678	-0.986995	0.258991	0.161753	-0.112023	0.812873	-0.160764	0.559815	-0.505808	0.281708	0.815352	-0.288783	-0.945936	0.147678	0.249667	0.178092	-0.166888	-0.031870	-0.986478	-0.160764	-0.959384	-0.014914	0.281708	-0.280297	0.163212	-0.945936	
0.300000	0.000000	0.000000	0.000000	0.850341	-0.526232	0.000000	0.526232	0.850341	0.000000	0.000000	0.000000	1.000000	0.000000	0.000000	0.000000	0.796743	-0.297121	0.526232	0.493063	-0.183873	-0.850341	0.349414	0.936968	0.000000	0.146601	0.090724	0.064292	0.838584	0.140917	-0.526232	0.518956	0.087206	0.850341	0.165719	-0.986173	-0.000000	0.260595	0.161268	-0.111929	0.813939	-0.563600	0.140917	-0.577273	-0.811881	0.087206	0.065259	-0.152329	-0.986173	0.260595	0.161268	-0.111929	0.811948	-0.151973	0.563600	-0.510553	0.283169	0.811881	-0.282978	-0.946953	0.152329	0.251780	0.177692	-0.166852	-0.035556	-0.987745	-0.151973	-0.959027	-0.009046	0.283169	-0.281074	0.155815	-0.946953	
0.310000	0.000000	0.000000	0.000000	0.852422	-0.522855	0.000000	0.522855	0.852422	0.000000	0.000000	0.000000	1.000000	0.000000	0.000000	0.000000	0.799733	-0.295043	0.522855	0.490537	-0.180972	-0.852422	0.346123	0.938189	0.000000	0.147151	0.090259	0.063687	0.839893	0.145608	-0.522855	0.515170	0.089312	0.852422	0.170817	-0.985303	-0.000000	0.262199	0.160827	-0.111839	0.810573	-0.567248	0.145608	-0.581787	-0.808423	0.089312	0.067051	-0.157107	-0.985303	0.262199	0.160827	-0.111839	0.811030	-0.143039	0.567248	-0.515233	0.284583	0.808423	-0.277064	-0.947920	0.157107	0.253903	0.177332	-0.166818	-0.039121	-0.988944	-0.143039	-0.958646	-0.003239	0.284583	-0.281899	0.148256	-0.947920	
0.320000	0.000000	0.000000	0.000000	0.854405	-0.519608	0.000000	0.519608	0.854405	0.000000	0.000000	0.000000	1.000000	0.000000	0.000000	0.000000	0.802671	-0.292790	0.519608	0.488146	-0.178061	-0.854405	0.342683	0.939451	0.000000	0.147692	0.089819	0.063054	0.841062	0.150408	-0.519608	0.511494	0.091471	0.854405	0.176039	-0.984383	-0.000000	0.263801	0.160431	-0.111753	0.807235	-0.570744	0.150408	-0.586199	-0.804987	0.091471	0.068870	-0.162008	-0.984383	0.263801	0.160431	-0.111753	0.810125	-0.133974	0.570744	-0.519837	0.285947	0.804987	-0.271050	-0.948834	0.162008	0.256030	0.177016	-0.166786	-0.042553	-0.990071	-0.133974	-0.958242	0.002491	0.285947	-0.282774	0.140547	-0.948834	
0.330000	0.000000	0.000000	0.000000	0.856285	-0.516504	0.000000	0.516504	0.856285	0.000000	0.000000	0.000000	1.000000	0.000000	0.000000	0.000000	0.805552	-0.290360	0.516504	0.485903	-0.175143	-0.856285	0.339093	0.940753	0.000000	0.148222	0.089406	0.062393	0.842082	0.155312	-0.516504	0.507937	0.093683	0.856285	0.181379	-0.983413	-0.000000	0.265397	0.160086	-0.111674	0.803935	-0.574078	0.155312	-0.590497	-0.801584	0.093683	0.070714	-0.167027	-0.983413	0.265397	0.160086	-0.111674	0.809235	-0.124793	0.574078	-0.524352	0.287262	0.801584	-0.264942	-0.949688	0.167027	0.258159	0.176747	-0.166756	-0.045839	-0.991123	-0.124793	-0.957818	0.008129	0.287262	-0.283697	0.132696	-0.949688	
0.340000	0.000000	0.000000	0.000000	0.858057	-0.513555	0.000000	0.513555	0.858057	0.000000	0.000000	0.000000	1.000000	0.000000	0.000000	0.000000	0.808369	-0.287752	0.513555	0.483816	-0.172222	-0.858057	0.335353	0.942092	0.000000	0.148740	0.089022	0.061705	0.842948	0.160313	-0.513555	0.504512	0.095949	0.858057	0.186832	-0.982392	-0.000000	0.266985	0.159793	-0.111600	0.800685	-0.577237	0.160313	-0.594672	-0.798222	0.095949	0.072580	-0.172158	-0.982392	0.266985	0.159793	-0.111600	0.808365	-0.115509	0.577237	-0.528766	0.288527	0.798222	-0.258750	-0.950479	0.172158	0.260285	0.176528	-0.166728	-0.048967	-0.992099	-0.115509	-0.957374	0.013660	0.288527	-0.284670	0.124714	-0.950479	
0.350000	0.000000	0.000000	0.000000	0.859716	-0.510773	0.000000	0.510773	0.859716	0.000000	0.000000	0.000000	1.000000	0.000000	0.000000	0.000000	0.811114	-0.284964	0.510773	0.481898	-0.169303	-0.859716	0.331464	0.943468	0.000000	0.149245	0.088669	0.060989	0.843655	0.165402	-0.510773	0.501231	0.098269	0.859716	0.192392	-0.981318	-0.000000	0.268560	0.159557	-0.111533	0.797494	-0.580211	0.165402	-0.598713	-0.794912	0.098269	0.074464	-0.177397	-0.981318	0.268560	0.159557	-0.111533	0.807521	-0.106137	0.580211	-0.533069	0.289745	0.794912	-0.252483	-0.951201	0.177397	0.262404	0.176362	-0.166702	-0.051925	-0.992995	-0.106137	-0.956914	0.019069	0.289745	-0.285691	0.116609	-0.951201	
0.360000	0.000000	0.000000	0.000000	0.861258	-0.508169	0.000000	0.508169	0.861258	0.000000	0.000000	0.000000	1.000000	0.000000	0.000000	0.000000	0.813783	-0.281997	0.508169	0.480157	-0.166387	-0.861258	0.327424	0.944877	0.000000	0.149736	0.088349	0.060246	0.844197	0.170573	-0.508169	0.498103	0.100644	0.861258	0.198052	-0.980192	-0.000000	0.270121	0.159380	-0.111472	0.794374	-0.582988	0.170573	-0.602610	-0.791664	0.100644	0.076363	-0.182738	-0.980192	0.270121	0.159380	-0.111472	0.806707	-0.096690	0.582988	-0.537248	0.290917	0.791664	-0.246147	-0.951850	0.182738	0.264513	0.176253	-0.166679	-0.054702	-0.993810	-0.096690	-0.956439	0.024341	0.290917	-0.286762	0.108392	-0.951850	
0.370000	0.000000	0.000000	0.000000	0.862678	-0.505754	0.000000	0.505754	0.862678	0.000000	0.000000	0.000000	1.000000	0.000000	0.000000	0.000000	0.816368	-0.278849	0.505754	0.478604	-0.163478	-0.862678	0.323236	0.946318	0.000000	0.150212	0.088063	0.059475	0.844572	0.175819	-0.505754	0.495139	0.103075	0.862678	0.203806	-0.979011	-0.000000	0.271663	0.159265	-0.111419	0.791333	-0.585559	0.175819	-0.606354	-0.788486	0.103075	0.078274	-0.188175	-0.979011	0.271663	0.159265	-0.111419	0.805928	-0.087183	0.585559	-0.541294	0.292045	0.788486	-0.239752	-0.952423	0.188175	0.266606	0.176204	-0.166659	-0.057287	-0.994544	-0.087183	-0.955951	0.029463	0.292045	-0.287883	0.100073	-0.952423	
0.380000	0.000000	0.000000	0.000000	0.863973	-0.503538	0.000000	0.503538	0.863973	0.000000	0.000000	0.000000	1.000000	0.000000	0.000000	0.000000	0.818863	-0.275522	0.503538	0.477247	-0.160579	-0.863973	0.318901	0.947788	0.000000	0.150671	0.087813	0.058678	0.844773	0.181130	-0.503538	0.492348	0.105565	0.863973	0.209647	-0.977777	-0.000000	0.273184	0.159216	-0.111373	0.788383	-0.587915	0.181130	-0.609936	-0.785388	0.105565	0.080194	-0.193703	-0.977777	0.273184	0.159216	-0.111373	0.805189	-0.077630	0.587915	-0.545196	0.293133	0.785388	-0.233307	-0.952915	0.193703	0.268681	0.176218	-0.166642	-0.059669	-0.995195	-0.077630	-0.955452	0.034420	0.293133	-0.289052	0.091663	-0.952915	
0.390000	0.000000	0.000000	0.000000	0.865139	-0.501532	0.000000	0.501532	0.865139	0.000000	0.000000	0.000000	1.000000	0.000000	0.000000	0.000000	0.821263	-0.272017	0.501532	0.476096	-0.157691	-0.865139	0.314420	0.949284	0.000000	0.151112	0.087602	0.057853	0.844798	0.186498	-0.501532	0.489740	0.108115	0.865139	0.215570	-0.976488	-0.000000	0.274680	0.159235	-0.111335	0.785533	-0.590048	0.186498	-0.613347	-0.782379	0.108115	0.082119	-0.199316	-0.976488	0.274680	0.159235	-0.111335	0.804496	-0.068046	0.590048	-0.548943	0.294184	0.782379	-0.226820	-0.953323	0.199316	0.270734	0.176298	-0.166627	-0.061837	-0.995764	-0.068046	-0.954945	0.039199	0.294184	-0.290270	0.083172	-0.953323	
0.400000	0.000000	0.000000	0.000000	0.866173	-0.499744	0.000000	0.499744	0.866173	0.000000	0.000000	0.000000	1.000000	0.000000	0.000000	0.000000	0.823560	-0.268335	0.499744	0.475159	-0.154818	-0.866173	0.309794	0.950804	0.000000	0.151535	0.087429	0.057002	0.844644	0.191916	-0.499744	0.487323	0.110728	0.866173	0.221568	-0.975145	-0.000000	0.276149	0.159326	-0.111305	0.782794	-0.591947	0.191916	-0.616579	-0.779468	0.110728	0.084048	-0.205009	-0.975145	0.276149	0.159326	-0.111305	0.803855	-0.058444	0.591947	-0.552526	0.295203	0.779468	-0.220300	-0.953645	0.205009	0.272759	0.176448	-0.166616	-0.063782	-0.996251	-0.058444	-0.954431	0.043787	0.295203	-0.291537	0.074609	-0.953645	
0.410000	0.000000	0.000000	0.000000	0.867071	-0.498185	0.000000	0.498185	0.867071	0.000000	0.000000	0.000000	1.000000	0.000000	0.000000	0.000000	0.825749	-0.264480	0.498185	0.474444	-0.151960	-0.867071	0.305027	0.952344	0.000000	0.151938	0.087298	0.056125	0.844307	0.197376	-0.498185	0.485106	0.113404	0.867071	0.227635	-0.973747	-0.000000	0.277587	0.159491	-0.111283	0.780175	-0.593607	0.197376	-0.619625	-0.776662	0.113404	0.085976	-0.210774	-0.973747	0.277587	0.159491	-0.111283	0.803271	-0.048838	0.593607	-0.555935	0.296195	0.776662	-0.213755	-0.953878	0.210774	0.274754	0.176670	-0.166608	-0.065494	-0.996657	-0.048838	-0.953912	0.048171	0.296195	-0.292852	0.065987	-0.953878	
0.420000	0.000000	0.000000	0.000000	0.867829	-0.496863	0.000000	0.496863	0.867829	0.000000	0.000000	0.000000	1.000000	0.000000	0.000000	0.000000	0.827823	-0.260453	0.496863	0.473959	-0.149119	-0.867829	0.300120	0.953901	0.000000	0.152319	0.087208	0.055222	0.843784	0.202867	-0.496863	0.483097	0.116149	0.867829	0.233764	-0.972293	-0.000000	0.278991	0.159732	-0.111270	0.777686	-0.595020	0.202867	-0.622477	-0.773972	0.116149	0.087902	-0.216607	-0.972293	0.278991	0.159732	-0.111270	0.802752	-0.039244	0.595020	-0.559160	0.297166	0.773972	-0.207193	-0.954019	0.216607	0.276715	0.176968	-0.166603	-0.066964	-0.996983	-0.039244	-0.953390	0.052339	0.297166	-0.294215	0.057314	-0.954019	
0.430000	0.000000	0.000000	0.000000	0.868444	-0.495786	0.000000	0.495786	0.868444	0.000000	0.000000	0.000000	1.000000	0.000000	0.000000	0.000000	0.829776	-0.256258	0.495786	0.473711	-0.146295	-0.868444	0.295077	0.955474	0.000000	0.152679	0.087163	0.054294	0.843073	0.208382	-0.495786	0.481302	0.118963	0.868444	0.239948	-0.970786	-0.000000	0.280358	0.160054	-0.111265	0.775337	-0.596179	0.208382	-0.625128	-0.771403	0.118963	0.089823	-0.222501	-0.970786	0.280358	0.160054	-0.111265	0.802303	-0.029673	0.596179	-0.562193	0.298121	0.771403	-0.200624	-0.954067	0.222501	0.278637	0.177345	-0.166601	-0.068182	-0.997232	-0.029673	-0.952868	0.056278	0.298121	-0.295626	0.048601	-0.954067	
0.440000	0.000000	0.000000	0.000000	0.868914	-0.494963	0.000000	0.494963	0.868914	0.000000	0.000000	0.000000	1.000000	0.000000	0.000000	0.000000	0.831600	-0.251897	0.494963	0.473708	-0.143489	-0.868914	0.289899	0.957057	0.000000	0.153014	0.087162	0.053341	0.842172	0.213911	-0.494963	0.479730	0.121851	0.868914	0.246182	-0.969224	-0.000000	0.281685	0.160457	-0.111270	0.773136	-0.597078	0.213911	-0.627571	-0.768965	0.121851	0.091736	-0.228452	-0.969224	0.281685	0.160457	-0.111270	0.801930	-0.020141	0.597078	-0.565023	0.299068	0.768965	-0.194054	-0.954019	0.228452	0.280517	0.177803	-0.166603	-0.069139	-0.997404	-0.020141	-0.952345	0.059977	0.299068	-0.297084	0.039858	-0.954019	
0.450000	0.000000	0.000000	0.000000	0.869234	-0.494401	0.000000	0.494401	0.869234	0.000000	0.000000	0.000000	1.000000	0.000000	0.000000	0.000000	0.833291	-0.247376	0.494401	0.473957	-0.140702	-0.869234	0.284591	0.958649	0.000000	0.153325	0.087208	0.052365	0.841077	0.219447	-0.494401	0.478386	0.124816	0.869234	0.252460	-0.967607	-0.000000	0.282968	0.160946	-0.111283	0.771094	-0.597711	0.219447	-0.629799	-0.766664	0.124816	0.093638	-0.234452	-0.967607	0.282968	0.160946	-0.111283	0.801641	-0.010660	0.597711	-0.567642	0.300013	0.766664	-0.187493	-0.953875	0.234452	0.282350	0.178346	-0.166608	-0.069828	-0.997502	-0.010660	-0.951824	0.063424	0.300013	-0.298588	0.031095	-0.953875	
0.460000	0.000000	0.000000	0.000000	0.869401	-0.494106	0.000000	0.494106	0.869401	0.000000	0.000000	0.000000	1.000000	0.000000	0.000000	0.000000	0.834839	-0.242699	0.494106	0.474464	-0.137933	-0.869401	0.279156	0.960246	0.000000	0.153610	0.087301	0.051365	0.839788	0.224979	-0.494106	0.477276	0.127862	0.869401	0.258775	-0.965938	-0.000000	0.284204	0.161522	-0.111305	0.769217	-0.598071	0.224979	-0.631806	-0.764508	0.127862	0.095528	-0.240497	-0.965938	0.284204	0.161522	-0.111305	0.801442	-0.001243	0.598071	-0.570042	0.300965	0.764508	-0.180949	-0.953635	0.240497	0.284132	0.178978	-0.166616	-0.070238	-0.997529	-0.001243	-0.951306	0.066609	0.300965	-0.300138	0.022322	-0.953635	
0.470000	0.000000	0.000000	0.000000	0.869412	-0.494087	0.000000	0.494087	0.869412	0.000000	0.000000	0.000000	1.000000	0.000000	0.000000	0.000000	0.836239	-0.237869	0.494087	0.475235	-0.135181	-0.869412	0.273597	0.961844	0.000000	0.153868	0.087443	0.050342	0.838300	0.230500	-0.494087	0.476407	0.130993	0.869412	0.265121	-0.964215	-0.000000	0.285391	0.162188	-0.111337	0.767517	-0.598154	0.230500	-0.633586	-0.762502	0.130993	0.097403	-0.246581	-0.964215	0.285391	0.162188	-0.111337	0.801340	0.008095	0.598154	-0.572214	0.301930	0.762502	-0.174428	-0.953296	0.246581	0.285860	0.179700	-0.166628	-0.070363	-0.997489	0.008095	-0.950792	0.069520	0.301930	-0.301734	0.013548	-0.953296	
0.480000	0.000000	0.000000	0.000000	0.869263	-0.494350	0.000000	0.494350	0.869263	0.000000	0.000000	0.000000	1.000000	0.000000	0.000000	0.000000	0.837484	-0.232891	0.494350	0.476278	-0.132446	-0.869263	0.267918	0.963442	0.000000	0.154097	0.087635	0.049297	0.836613	0.236000	-0.494350	0.475783	0.134213	0.869263	0.271494	-0.962440	-0.000000	0.286524	0.162947	-0.111377	0.765999	-0.597954	0.236000	-0.635132	-0.760654	0.134213	0.099261	-0.252698	-0.962440	0.286524	0.162947	-0.111377	0.801343	0.017344	0.597954	-0.574149	0.302917	0.760654	-0.167938	-0.952859	0.252698	0.287530	0.180516	-0.166643	-0.070194	-0.997383	0.017344	-0.950282	0.072147	0.302917	-0.303375	0.004781	-0.952859	
0.490000	0.000000	0.000000	0.000000	0.868949	-0.494902	0.000000	0.494902	0.868949	0.000000	0.000000	0.000000	1.000000	0.000000	0.000000	0.000000	0.838565	-0.227772	0.494902	0.477597	-0.129725	-0.868949	0.262123	0.965034	0.000000	0.154296	0.087878	0.048231	0.834724	0.241470	-0.494902	0.475410	0.137527	0.868949	0.277888	-0.960614	-0.000000	0.287601	0.163800	-0.111427	0.764673	-0.597467	0.241470	-0.636438	-0.758968	0.137527	0.101100	-0.258844	-0.960614	0.287601	0.163800	-0.111427	0.801456	0.026490	0.597467	-0.575839	0.303935	0.758968	-0.161486	-0.952325	0.258844	0.289137	0.181429	-0.166662	-0.069723	-0.997215	0.026490	-0.949777	0.074480	0.303935	-0.305061	-0.003968	-0.952325	
0.500000	0.000000	0.000000	0.000000	0.868466	-0.495748	0.000000	0.495748	0.868466	0.000000	0.000000	0.000000	1.000000	0.000000	0.000000	0.000000	0.839477	-0.222515	0.495748	0.479200	-0.127019	-0.868466	0.256216	0.966619	0.000000	0.154464	0.088173	0.047144	0.832630	0.246902	-0.495748	0.475291	0.140940	0.868466	0.284297	-0.958736	-0.000000	0.288617	0.164752	-0.111486	0.763547	-0.596687	0.246902	-0.637498	-0.757451	0.140940	0.102920	-0.265014	-0.958736	0.288617	0.164752	-0.111486	0.801687	0.035521	0.596687	-0.577276	0.304992	0.757451	-0.155079	-0.951692	0.265014	0.290678	0.182441	-0.166684	-0.068941	-0.996988	0.035521	-0.949277	0.076509	0.304992	-0.306791	-0.012693	-0.951692	
0.510000	0.000000	0.000000	0.000000	0.867811	-0.496894	0.000000	0.496894	0.867811	0.000000	0.000000	0.000000	1.000000	0.000000	0.000000	0.000000	0.840210	-0.217127	0.496894	0.481090	-0.124323	-0.867811	0.250200	0.968194	0.000000	0.154599	0.088521	0.046037	0.830329	0.252288	-0.496894	0.475433	0.144456	0.867811	0.290717	-0.956809	-0.000000	0.289571	0.165803	-0.111554	0.762627	-0.595610	0.252288	-0.638306	-0.756107	0.144456	0.104717	-0.271203	-0.956809	0.289571	0.165803	-0.111554	0.802044	0.044427	0.595610	-0.578452	0.306098	0.756107	-0.148724	-0.950963	0.271203	0.292148	0.183557	-0.166710	-0.067842	-0.996706	0.044427	-0.948781	0.078224	0.306098	-0.308565	-0.021385	-0.950963	
0.520000	0.000000	0.000000	0.000000	0.866978	-0.498347	0.000000	0.498347	0.866978	0.000000	0.000000	0.000000	1.000000	0.000000	0.000000	0.000000	0.840756	-0.211612	0.498347	0.483274	-0.121636	-0.866978	0.244080	0.969755	0.000000	0.154699	0.088922	0.044911	0.827819	0.257618	-0.498347	0.475838	0.148081	0.866978	0.297144	-0.954833	-0.000000	0.290458	0.166958	-0.111631	0.761920	-0.594231	0.257618	-0.638856	-0.754940	0.148081	0.106492	-0.277406	-0.954833	0.290458	0.166958	-0.111631	0.802533	0.053195	0.594231	-0.579358	0.307261	0.754940	-0.142425	-0.950137	0.277406	0.293543	0.184779	-0.166739	-0.066418	-0.996373	0.053195	-0.948289	0.079617	0.307261	-0.310382	-0.030037	-0.950137	
0.530000	0.000000	0.000000	0.000000	0.865962	-0.500110	0.000000	0.500110	0.865962	0.000000	0.000000	0.000000	1.000000	0.000000	0.000000	0.000000	0.841108	-0.205976	0.500110	0.485757	-0.118955	-0.865962	0.237858	0.971300	0.000000	0.154764	0.089379	0.043766	0.825095	0.262884	-0.500110	0.476509	0.151821	0.865962	0.303574	-0.952808	-0.000000	0.291274	0.168217	-0.111716	0.761434	-0.592545	0.262884	-0.639141	-0.753955	0.151821	0.108242	-0.283621	-0.952808	0.291274	0.168217	-0.111716	0.803162	0.061816	0.592545	-0.579986	0.308492	0.753955	-0.136189	-0.949216	0.283621	0.294859	0.186109	-0.166771	-0.064660	-0.995991	0.061816	-0.947800	0.080678	0.308492	-0.312242	-0.038642	-0.949216	
0.540000	0.000000	0.000000	0.000000	0.864757	-0.502191	0.000000	0.502191	0.864757	0.000000	0.000000	0.000000	1.000000	0.000000	0.000000	0.000000	0.841258	-0.200224	0.502191	0.488544	-0.116276	-0.864757	0.231538	0.972826	0.000000	0.154791	0.089892	0.042603	0.822155	0.268078	-0.502191	0.477451	0.155681	0.864757	0.310004	-0.950735	-0.000000	0.292017	0.169583	-0.111811	0.761175	-0.590549	0.268078	-0.639156	-0.753155	0.155681	0.109967	-0.289844	-0.950735	0.292017	0.169583	-0.111811	0.803936	0.070280	0.590549	-0.580329	0.309799	0.753155	-0.130020	-0.948201	0.289844	0.296093	0.187551	-0.166806	-0.062561	-0.995564	0.070280	-0.947311	0.081398	0.309799	-0.314145	-0.047196	-0.948201	
0.550000	0.000000	0.000000	0.000000	0.863357	-0.504593	0.000000	0.504593	0.863357	0.000000	0.000000	0.000000	1.000000	0.000000	0.000000	0.000000	0.841195	-0.194362	0.504593	0.491640	-0.113596	-0.863357	0.225123	0.974330	0.000000	0.154780	0.090462	0.041423	0.818995	0.273191	-0.504593	0.478665	0.159668	0.863357	0.316429	-0.948616	-0.000000	0.292682	0.171059	-0.111914	0.761147	-0.588236	0.273191	-0.638894	-0.752543	0.159668	0.111666	-0.296071	-0.948616	0.292682	0.171059	-0.111914	0.804863	0.078576	0.588236	-0.580378	0.311192	0.752543	-0.123922	-0.947093	0.296071	0.297239	0.189108	-0.166845	-0.060114	-0.995094	0.078576	-0.946823	0.081771	0.311192	-0.316091	-0.055691	-0.947093	
0.560000	0.000000	0.000000	0.000000	0.861760	-0.507317	0.000000	0.507317	0.861760	0.000000	0.000000	0.000000	1.000000	0.000000	0.000000	0.000000	0.840914	-0.188395	0.507317	0.495045	-0.110908	-0.861760	0.218616	0.975811	0.000000	0.154728	0.091088	0.040225	0.815613	0.278218	-0.507317	0.480150	0.163787	0.861760	0.322849	-0.946450	-0.000000	0.293267	0.172646	-0.112025	0.761355	-0.585605	0.278218	-0.638352	-0.752117	0.163787	0.113338	-0.302301	-0.946450	0.293267	0.172646	-0.112025	0.805946	0.086700	0.585605	-0.580130	0.312680	0.752117	-0.117898	-0.945893	0.302301	0.298296	0.190781	-0.166887	-0.057315	-0.994584	0.086700	-0.946330	0.081791	0.312680	-0.318078	-0.064126	-0.945893	
0.570000	0.000000	0.000000	0.000000	0.859970	-0.510345	0.000000	0.510345	0.859970	0.000000	0.000000	0.000000	1.000000	0.000000	0.000000	0.000000	0.840419	-0.182329	0.510345	0.498743	-0.108202	-0.859970	0.212018	0.977266	0.000000	0.154637	0.091769	0.039011	0.812017	0.283155	-0.510345	0.481888	0.168037	0.859970	0.329262	-0.944239	-0.000000	0.293773	0.174338	-0.112145	0.761786	-0.582671	0.283155	-0.637543	-0.751866	0.168037	0.114984	-0.308532	-0.944239	0.293773	0.174338	-0.112145	0.807177	0.094657	0.582671	-0.579598	0.314267	0.751866	-0.111945	-0.944604	0.308532	0.299263	0.192566	-0.166932	-0.054182	-0.994034	0.094657	-0.945832	0.081480	0.314267	-0.320105	-0.072502	-0.944604	
