# time	B0_r_i(1)	B0_r_i(2)	B0_r_i(3)	0_A_i(1,1)	0_A_i(1,2)	0_A_i(1,3)	0_A_i(2,1)	...
0.000000	0.000000	0.000000	0.000000	0.789785	-0.613384	0.000000	0.613384	0.789785	0.000000	0.000000	0.000000	1.000000	0.000000	0.000000	0.000000	0.726983	-0.308637	0.613384	0.564609	-0.239702	-0.789785	0.390786	0.920482	0.000000	0.133765	0.103888	0.071905	0.786776	0.068872	-0.613384	0.611047	0.053489	0.789785	0.087203	-0.996191	-0.000000	0.228302	0.177310	-0.114367	0.882166	-0.465876	0.068872	-0.469578	-0.881269	0.053489	0.035775	-0.079527	-0.996191	0.228302	0.177310	-0.114367	0.830853	-0.304372	0.465876	-0.404760	0.243996	0.881269	-0.381906	-0.920773	0.079527	0.210648	0.191461	-0.167772	0.056891	-0.950853	-0.304372	-0.960255	-0.135558	0.243996	-0.273264	0.278394	-0.920773	
0.010000	0.000000	0.000000	0.000000	0.789899	-0.613237	0.000000	0.613237	0.789899	0.000000	0.000000	0.000000	1.000000	0.000000	0.000000	0.000000	0.727122	-0.308600	0.613237	0.564500	-0.239581	-0.789899	0.390682	0.920526	0.000000	0.133790	0.103868	0.071886	0.786875	0.069048	-0.613237	0.610890	0.053606	0.789899	0.087414	-0.996172	-0.000000	0.228372	0.177296	-0.114360	0.882047	-0.466075	0.069048	-0.469795	-0.881146	0.053606	0.035858	-0.079721	-0.996172	0.228372	0.177296	-0.114360	0.830870	-0.304023	0.466075	-0.404950	0.244124	0.881146	-0.381669	-0.920855	0.079721	0.210739	0.191456	-0.167770	0.056732	-0.950974	-0.304023	-0.960255	-0.135332	0.244124	-0.273300	0.278089	-0.920855	
0.020000	0.000000	0.000000	0.000000	0.790213	-0.612833	0.000000	0.612833	0.790213	0.000000	0.000000	0.000000	1.000000	0.000000	0.000000	0.000000	0.727505	-0.308501	0.612833	0.564201	-0.239251	-0.790213	0.390402	0.920645	0.000000	0.133861	0.103813	0.071834	0.787146	0.069554	-0.612833	0.610454	0.053941	0.790213	0.088020	-0.996119	-0.000000	0.228570	0.177262	-0.114339	0.881716	-0.466624	0.069554	-0.470397	-0.880805	0.053941	0.036093	-0.080279	-0.996119	0.228570	0.177262	-0.114339	0.830921	-0.303038	0.466624	-0.405472	0.244491	0.880805	-0.381002	-0.921082	0.080279	0.210993	0.191443	-0.167762	0.056298	-0.951314	-0.303038	-0.960249	-0.134708	0.244491	-0.273409	0.277227	-0.921082	
0.030000	0.000000	0.000000	0.000000	0.790725	-0.612172	0.000000	0.612172	0.790725	0.000000	0.000000	0.000000	1.000000	0.000000	0.000000	0.000000	0.728131	-0.308336	0.612172	0.563712	-0.238711	-0.790725	0.389941	0.920840	0.000000	0.133976	0.103723	0.071749	0.787586	0.070383	-0.612172	0.609742	0.054490	0.790725	0.089011	-0.996031	-0.000000	0.228893	0.177206	-0.114305	0.881175	-0.467521	0.070383	-0.471380	-0.880245	0.054490	0.036479	-0.081193	-0.996031	0.228893	0.177206	-0.114305	0.831004	-0.301424	0.467521	-0.406325	0.245088	0.880245	-0.379911	-0.921453	0.081193	0.211410	0.191422	-0.167749	0.055588	-0.951868	-0.301424	-0.960239	-0.133688	0.245088	-0.273588	0.275816	-0.921453	
0.040000	0.000000	0.000000	0.000000	0.791425	-0.611266	0.000000	0.611266	0.791425	0.000000	0.000000	0.000000	1.000000	0.000000	0.000000	0.000000	0.728989	-0.308105	0.611266	0.563043	-0.237968	-0.791425	0.389304	0.921109	0.000000	0.134134	0.103600	0.071632	0.788186	0.071524	-0.611266	0.608765	0.055243	0.791425	0.090374	-0.995908	-0.000000	0.229336	0.177130	-0.114257	0.880431	-0.468749	0.071524	-0.472727	-0.879475	0.055243	0.037009	-0.082449	-0.995908	0.229336	0.177130	-0.114257	0.831115	-0.299205	0.468749	-0.407498	0.245904	0.879475	-0.378410	-0.921959	0.082449	0.211982	0.191393	-0.167731	0.054615	-0.952625	-0.299205	-0.960225	-0.132285	0.245904	-0.273834	0.273874	-0.921959	
0.050000	0.000000	0.000000	0.000000	0.792302	-0.610129	0.000000	0.610129	0.792302	0.000000	0.000000	0.000000	1.000000	0.000000	0.000000	0.000000	0.730068	-0.307805	0.610129	0.562204	-0.237031	-0.792302	0.388494	0.921451	0.000000	0.134333	0.103446	0.071483	0.788935	0.072967	-0.610129	0.607536	0.056190	0.792302	0.092095	-0.995750	-0.000000	0.229894	0.177035	-0.114198	0.879491	-0.470288	0.072967	-0.474421	-0.878503	0.056190	0.037676	-0.084035	-0.995750	0.229894	0.177035	-0.114198	0.831250	-0.296400	0.470288	-0.408976	0.246925	0.878503	-0.376514	-0.922592	0.084035	0.212703	0.191357	-0.167709	0.053392	-0.953570	-0.296400	-0.960205	-0.130516	0.246925	-0.274145	0.271421	-0.922592	
0.060000	0.000000	0.000000	0.000000	0.793346	-0.608772	0.000000	0.608772	0.793346	0.000000	0.000000	0.000000	1.000000	0.000000	0.000000	0.000000	0.731357	-0.307431	0.608772	0.561205	-0.235907	-0.793346	0.387513	0.921864	0.000000	0.134570	0.103262	0.071302	0.789821	0.074701	-0.608772	0.606067	0.057322	0.793346	0.094160	-0.995557	-0.000000	0.230563	0.176922	-0.114128	0.878363	-0.472121	0.074701	-0.476444	-0.877334	0.057322	0.038475	-0.085940	-0.995557	0.230563	0.176922	-0.114128	0.831405	-0.293032	0.472121	-0.410746	0.248137	0.877334	-0.374238	-0.923342	0.085940	0.213567	0.191314	-0.167682	0.051933	-0.954691	-0.293032	-0.960179	-0.128395	0.248137	-0.274518	0.268476	-0.923342	
0.070000	0.000000	0.000000	0.000000	0.794543	-0.607208	0.000000	0.607208	0.794543	0.000000	0.000000	0.000000	1.000000	0.000000	0.000000	0.000000	0.732844	-0.306982	0.607208	0.560056	-0.234602	-0.794543	0.386362	0.922347	0.000000	0.134843	0.103050	0.071091	0.790830	0.076718	-0.607208	0.604371	0.058629	0.794543	0.096556	-0.995328	-0.000000	0.231336	0.176792	-0.114048	0.877053	-0.474228	0.076718	-0.478775	-0.875978	0.058629	0.039399	-0.088152	-0.995328	0.231336	0.176792	-0.114048	0.831575	-0.289120	0.474228	-0.412796	0.249526	0.875978	-0.371595	-0.924200	0.088152	0.214567	0.191264	-0.167652	0.050252	-0.955973	-0.289120	-0.960144	-0.125937	0.249526	-0.274951	0.265058	-0.924200	
0.080000	0.000000	0.000000	0.000000	0.795882	-0.605451	0.000000	0.605451	0.795882	0.000000	0.000000	0.000000	1.000000	0.000000	0.000000	0.000000	0.734518	-0.306450	0.605451	0.558770	-0.233126	-0.795882	0.385044	0.922898	0.000000	0.135151	0.102814	0.070848	0.791951	0.079006	-0.605451	0.602461	0.060102	0.795882	0.099269	-0.995061	-0.000000	0.232208	0.176647	-0.113959	0.875569	-0.476589	0.079006	-0.481398	-0.874439	0.060102	0.040442	-0.090657	-0.995061	0.232208	0.176647	-0.113959	0.831755	-0.284686	0.476589	-0.415111	0.251076	0.874439	-0.368600	-0.925157	0.090657	0.215696	0.191210	-0.167618	0.048363	-0.957400	-0.284686	-0.960101	-0.123158	0.251076	-0.275441	0.261184	-0.925157	
0.090000	0.000000	0.000000	0.000000	0.797352	-0.603515	0.000000	0.603515	0.797352	0.000000	0.000000	0.000000	1.000000	0.000000	0.000000	0.000000	0.736367	-0.305831	0.603515	0.557356	-0.231484	-0.797352	0.383559	0.923516	0.000000	0.135492	0.102553	0.070575	0.793170	0.081558	-0.603515	0.600350	0.061731	0.797352	0.102286	-0.994755	-0.000000	0.233173	0.176489	-0.113862	0.873917	-0.479184	0.081558	-0.484292	-0.872726	0.061731	0.041597	-0.093446	-0.994755	0.233173	0.176489	-0.113862	0.831940	-0.279748	0.479184	-0.417679	0.252772	0.872726	-0.365267	-0.926201	0.093446	0.216948	0.191150	-0.167581	0.046280	-0.958957	-0.279748	-0.960047	-0.120071	0.252772	-0.275987	0.256873	-0.926201	
0.100000	0.000000	0.000000	0.000000	0.798939	-0.601413	0.000000	0.601413	0.798939	0.000000	0.000000	0.000000	1.000000	0.000000	0.000000	0.000000	0.738380	-0.305120	0.601413	0.555826	-0.229684	-0.798939	0.381907	0.924201	0.000000	0.135862	0.102272	0.070271	0.794472	0.084364	-0.601413	0.598050	0.063506	0.798939	0.105595	-0.994409	-0.000000	0.234228	0.176318	-0.113757	0.872105	-0.481991	0.084364	-0.487438	-0.870845	0.063506	0.042859	-0.096506	-0.994409	0.234228	0.176318	-0.113757	0.832124	-0.274326	0.481991	-0.420486	0.254598	0.870845	-0.361609	-0.927321	0.096506	0.218317	0.191085	-0.167542	0.044017	-0.960629	-0.274326	-0.959981	-0.116693	0.254598	-0.276586	0.252141	-0.927321	
0.110000	0.000000	0.000000	0.000000	0.800631	-0.599158	0.000000	0.599158	0.800631	0.000000	0.000000	0.000000	1.000000	0.000000	0.000000	0.000000	0.740544	-0.304310	0.599158	0.554191	-0.227733	-0.800631	0.380088	0.924950	0.000000	0.136260	0.101971	0.069936	0.795845	0.087414	-0.599158	0.595576	0.065417	0.800631	0.109182	-0.994022	-0.000000	0.235365	0.176137	-0.113646	0.870140	-0.484990	0.087414	-0.490817	-0.868803	0.065417	0.044219	-0.099826	-0.994022	0.235365	0.176137	-0.113646	0.832301	-0.268441	0.484990	-0.423520	0.256538	0.868803	-0.357641	-0.928508	0.099826	0.219796	0.191016	-0.167500	0.041589	-0.962398	-0.268441	-0.959902	-0.113037	0.256538	-0.277235	0.247008	-0.928508	
0.120000	0.000000	0.000000	0.000000	0.802416	-0.596765	0.000000	0.596765	0.802416	0.000000	0.000000	0.000000	1.000000	0.000000	0.000000	0.000000	0.742848	-0.303396	0.596765	0.552463	-0.225639	-0.802416	0.378103	0.925763	0.000000	0.136684	0.101653	0.069571	0.797274	0.090700	-0.596765	0.592940	0.067454	0.802416	0.113033	-0.993591	-0.000000	0.236580	0.175947	-0.113530	0.868029	-0.488160	0.090700	-0.494409	-0.866608	0.067454	0.045673	-0.103395	-0.993591	0.236580	0.175947	-0.113530	0.832465	-0.262112	0.488160	-0.426766	0.258576	0.866608	-0.353375	-0.929750	0.103395	0.221378	0.190944	-0.167456	0.039010	-0.964249	-0.262112	-0.959808	-0.109120	0.258576	-0.277933	0.241490	-0.929750	
0.130000	0.000000	0.000000	0.000000	0.804283	-0.594246	0.000000	0.594246	0.804283	0.000000	0.000000	0.000000	1.000000	0.000000	0.000000	0.000000	0.745280	-0.302372	0.594246	0.550652	-0.223408	-0.804283	0.375952	0.926639	0.000000	0.137132	0.101320	0.069175	0.798746	0.094211	-0.594246	0.590155	0.069608	0.804283	0.117137	-0.993116	-0.000000	0.237868	0.175749	-0.113410	0.865778	-0.491480	0.094211	-0.498196	-0.864266	0.069608	0.047213	-0.107201	-0.993116	0.237868	0.175749	-0.113410	0.832610	-0.255359	0.491480	-0.430211	0.260697	0.864266	-0.348826	-0.931036	0.107201	0.223057	0.190870	-0.167411	0.036295	-0.966165	-0.255359	-0.959699	-0.104955	0.260697	-0.278678	0.235606	-0.931036	
0.140000	0.000000	0.000000	0.000000	0.806220	-0.591616	0.000000	0.591616	0.806220	0.000000	0.000000	0.000000	1.000000	0.000000	0.000000	0.000000	0.747830	-0.301231	0.591616	0.548769	-0.221048	-0.806220	0.373634	0.927576	0.000000	0.137601	0.100973	0.068749	0.800249	0.097939	-0.591616	0.587234	0.071869	0.806220	0.121479	-0.992594	-0.000000	0.239222	0.175545	-0.113287	0.863396	-0.494930	0.097939	-0.502158	-0.861784	0.071869	0.048832	-0.111232	-0.992594	0.239222	0.175545	-0.113287	0.832730	-0.248203	0.494930	-0.433842	0.262886	0.861784	-0.344008	-0.932355	0.111232	0.224827	0.190792	-0.167364	0.033457	-0.968130	-0.248203	-0.959572	-0.100559	0.262886	-0.279467	0.229373	-0.932355	
0.150000	0.000000	0.000000	0.000000	0.808215	-0.588887	0.000000	0.588887	0.808215	0.000000	0.000000	0.000000	1.000000	0.000000	0.000000	0.000000	0.750487	-0.299969	0.588887	0.546825	-0.218566	-0.808215	0.371150	0.928573	0.000000	0.138090	0.100616	0.068292	0.801769	0.101873	-0.588887	0.584191	0.074227	0.808215	0.126046	-0.992024	-0.000000	0.240639	0.175336	-0.113162	0.860890	-0.498489	0.101873	-0.506277	-0.859170	0.074227	0.050525	-0.115477	-0.992024	0.240639	0.175336	-0.113162	0.832820	-0.240664	0.498489	-0.437646	0.265127	0.859170	-0.338934	-0.933696	0.115477	0.226680	0.190713	-0.167317	0.030511	-0.970129	-0.240664	-0.959428	-0.095945	0.265127	-0.280298	0.222811	-0.933696	
0.160000	0.000000	0.000000	0.000000	0.810258	-0.586073	0.000000	0.586073	0.810258	0.000000	0.000000	0.000000	1.000000	0.000000	0.000000	0.000000	0.753238	-0.298581	0.586073	0.544830	-0.215969	-0.810258	0.368501	0.929627	0.000000	0.138596	0.100249	0.067804	0.803294	0.106003	-0.586073	0.581036	0.076673	0.810258	0.130826	-0.991405	-0.000000	0.242112	0.175123	-0.113036	0.858266	-0.502138	0.106003	-0.510535	-0.856432	0.076673	0.052283	-0.119924	-0.991405	0.242112	0.175123	-0.113036	0.832874	-0.232763	0.502138	-0.441609	0.267405	0.856432	-0.333620	-0.935049	0.119924	0.228611	0.190633	-0.167269	0.027469	-0.972145	-0.232763	-0.959265	-0.091131	0.267405	-0.281168	0.215936	-0.935049	
0.170000	0.000000	0.000000	0.000000	0.812338	-0.583187	0.000000	0.583187	0.812338	0.000000	0.000000	0.000000	1.000000	0.000000	0.000000	0.000000	0.756074	-0.297062	0.583187	0.542794	-0.213264	-0.812338	0.365687	0.930738	0.000000	0.139118	0.099874	0.067286	0.804812	0.110318	-0.583187	0.577784	0.079199	0.812338	0.135803	-0.990736	-0.000000	0.243636	0.174909	-0.112910	0.855534	-0.505857	0.110318	-0.514912	-0.853577	0.079199	0.054102	-0.124561	-0.990736	0.243636	0.174909	-0.112910	0.832886	-0.224521	0.505857	-0.445719	0.269707	0.853577	-0.328079	-0.936402	0.124561	0.230613	0.190552	-0.167221	0.024346	-0.974165	-0.224521	-0.959083	-0.086130	0.269707	-0.282077	0.208768	-0.936402	
0.180000	0.000000	0.000000	0.000000	0.814446	-0.580240	0.000000	0.580240	0.814446	0.000000	0.000000	0.000000	1.000000	0.000000	0.000000	0.000000	0.758983	-0.295408	0.580240	0.540727	-0.210459	-0.814446	0.362710	0.931902	0.000000	0.139653	0.099494	0.066739	0.806313	0.114809	-0.580240	0.574446	0.081794	0.814446	0.140966	-0.990015	-0.000000	0.245206	0.174693	-0.112785	0.852700	-0.509628	0.114809	-0.519393	-0.850612	0.081794	0.055973	-0.129377	-0.990015	0.245206	0.174693	-0.112785	0.832851	-0.215961	0.509628	-0.449962	0.272018	0.850612	-0.322327	-0.937746	0.129377	0.232680	0.190470	-0.167174	0.021154	-0.976173	-0.215961	-0.958881	-0.080958	0.272018	-0.283021	0.201326	-0.937746	
0.190000	0.000000	0.000000	0.000000	0.816571	-0.577245	0.000000	0.577245	0.816571	0.000000	0.000000	0.000000	1.000000	0.000000	0.000000	0.000000	0.761957	-0.293616	0.577245	0.538637	-0.207561	-0.816571	0.359572	0.933117	0.000000	0.140200	0.099109	0.066161	0.807785	0.119463	-0.577245	0.571034	0.084450	0.816571	0.146299	-0.989240	-0.000000	0.246817	0.174478	-0.112661	0.849774	-0.513433	0.119463	-0.523959	-0.847546	0.084450	0.057891	-0.134357	-0.989240	0.246817	0.174478	-0.112661	0.832763	-0.207103	0.513433	-0.454324	0.274327	0.847546	-0.316378	-0.939070	0.134357	0.234805	0.190389	-0.167127	0.017905	-0.978155	-0.207103	-0.958658	-0.075631	0.274327	-0.283998	0.193629	-0.939070	
0.200000	0.000000	0.000000	0.000000	0.818705	-0.574214	0.000000	0.574214	0.818705	0.000000	0.000000	0.000000	1.000000	0.000000	0.000000	0.000000	0.764983	-0.291683	0.574214	0.536535	-0.204577	-0.818705	0.356274	0.934382	0.000000	0.140757	0.098722	0.065554	0.809219	0.124270	-0.574214	0.567560	0.087159	0.818705	0.151789	-0.988413	-0.000000	0.248463	0.174264	-0.112540	0.846762	-0.517254	0.124270	-0.528595	-0.844388	0.087159	0.059849	-0.139492	-0.988413	0.248463	0.174264	-0.112540	0.832620	-0.197972	0.517254	-0.458792	0.276620	0.844388	-0.310248	-0.940366	0.139492	0.236981	0.190308	-0.167082	0.014613	-0.980099	-0.197972	-0.958414	-0.070164	0.276620	-0.285006	0.185697	-0.940366	
0.210000	0.000000	0.000000	0.000000	0.820841	-0.571157	0.000000	0.571157	0.820841	0.000000	0.000000	0.000000	1.000000	0.000000	0.000000	0.000000	0.768054	-0.289608	0.571157	0.534427	-0.201515	-0.820841	0.352819	0.935692	0.000000	0.141322	0.098335	0.064919	0.810606	0.129218	-0.571157	0.564036	0.089912	0.820841	0.157421	-0.987532	-0.000000	0.250141	0.174053	-0.112423	0.843673	-0.521074	0.129218	-0.533283	-0.841145	0.089912	0.061840	-0.144766	-0.987532	0.250141	0.174053	-0.112423	0.832416	-0.188590	0.521074	-0.463354	0.278888	0.841145	-0.303952	-0.941624	0.144766	0.239203	0.190229	-0.167037	0.011288	-0.981991	-0.188590	-0.958150	-0.064574	0.278888	-0.286043	0.177549	-0.941624	
0.220000	0.000000	0.000000	0.000000	0.822969	-0.568086	0.000000	0.568086	0.822969	0.000000	0.000000	0.000000	1.000000	0.000000	0.000000	0.000000	0.771158	-0.287390	0.568086	0.532322	-0.198382	-0.822969	0.349211	0.937044	0.000000	0.141893	0.097947	0.064255	0.811938	0.134294	-0.568086	0.560471	0.092702	0.822969	0.163183	-0.986596	-0.000000	0.251844	0.173845	-0.112310	0.840517	-0.524878	0.134294	-0.538009	-0.837826	0.092702	0.063858	-0.150169	-0.986596	0.251844	0.173845	-0.112310	0.832147	-0.178981	0.524878	-0.467996	0.281118	0.837826	-0.297507	-0.942835	0.150169	0.241463	0.190150	-0.166995	0.007942	-0.983820	-0.178981	-0.957866	-0.058874	0.281118	-0.287107	0.169207	-0.942835	
0.230000	0.000000	0.000000	0.000000	0.825083	-0.565011	0.000000	0.565011	0.825083	0.000000	0.000000	0.000000	1.000000	0.000000	0.000000	0.000000	0.774287	-0.285029	0.565011	0.530227	-0.195186	-0.825083	0.345454	0.938436	0.000000	0.142469	0.097562	0.063564	0.813207	0.139486	-0.565011	0.556879	0.095519	0.825083	0.169057	-0.985606	-0.000000	0.253569	0.173642	-0.112202	0.837301	-0.528650	0.139486	-0.542757	-0.834440	0.095519	0.065897	-0.155686	-0.985606	0.253569	0.173642	-0.112202	0.831812	-0.169169	0.528650	-0.472705	0.283301	0.834440	-0.290929	-0.943993	0.155686	0.243757	0.190073	-0.166954	0.004586	-0.985576	-0.169169	-0.957561	-0.053082	0.283301	-0.288194	0.160691	-0.943993	
0.240000	0.000000	0.000000	0.000000	0.827176	-0.561942	0.000000	0.561942	0.827176	0.000000	0.000000	0.000000	1.000000	0.000000	0.000000	0.000000	0.777432	-0.282525	0.561942	0.528148	-0.191934	-0.827176	0.341554	0.939862	0.000000	0.143047	0.097179	0.062846	0.814407	0.144782	-0.561942	0.553268	0.098357	0.827176	0.175031	-0.984563	-0.000000	0.255309	0.173444	-0.112100	0.834034	-0.532378	0.144782	-0.547513	-0.830997	0.098357	0.067950	-0.161303	-0.984563	0.255309	0.173444	-0.112100	0.831406	-0.159180	0.532378	-0.477468	0.285428	0.830997	-0.284233	-0.945089	0.161303	0.246076	0.189999	-0.166915	0.001230	-0.987249	-0.159180	-0.957236	-0.047214	0.285428	-0.289304	0.152022	-0.945089	
0.250000	0.000000	0.000000	0.000000	0.829243	-0.558889	0.000000	0.558889	0.829243	0.000000	0.000000	0.000000	1.000000	0.000000	0.000000	0.000000	0.780583	-0.279882	0.558889	0.526093	-0.188634	-0.829243	0.337516	0.941320	0.000000	0.143627	0.096801	0.062103	0.815533	0.150167	-0.558889	0.549649	0.101209	0.829243	0.181089	-0.983467	-0.000000	0.257060	0.173252	-0.112004	0.830725	-0.536047	0.150167	-0.552263	-0.827504	0.101209	0.070011	-0.167008	-0.983467	0.257060	0.173252	-0.112004	0.830928	-0.149038	0.536047	-0.482272	0.287492	0.827504	-0.277438	-0.946116	0.167008	0.248415	0.189926	-0.166879	-0.002115	-0.988829	-0.149038	-0.956893	-0.041284	0.287492	-0.290433	0.143222	-0.946116	
0.260000	0.000000	0.000000	0.000000	0.831276	-0.555860	0.000000	0.555860	0.831276	0.000000	0.000000	0.000000	1.000000	0.000000	0.000000	0.000000	0.783731	-0.277103	0.555860	0.524067	-0.185294	-0.831276	0.333346	0.942805	0.000000	0.144206	0.096428	0.061336	0.816578	0.155628	-0.555860	0.546031	0.104066	0.831276	0.187215	-0.982319	-0.000000	0.258817	0.173066	-0.111916	0.827384	-0.539645	0.155628	-0.556993	-0.823971	0.104066	0.072074	-0.172786	-0.982319	0.258817	0.173066	-0.111916	0.830377	-0.138770	0.539645	-0.487104	0.289484	0.823971	-0.270561	-0.947070	0.172786	0.250768	0.189856	-0.166846	-0.005440	-0.990310	-0.138770	-0.956531	-0.035310	0.289484	-0.291579	0.134313	-0.947070	
0.270000	0.000000	0.000000	0.000000	0.833272	-0.552863	0.000000	0.552863	0.833272	0.000000	0.000000	0.000000	1.000000	0.000000	0.000000	0.000000	0.786868	-0.274191	0.552863	0.522075	-0.181921	-0.833272	0.329053	0.944311	0.000000	0.144784	0.096062	0.060546	0.817541	0.161151	-0.552863	0.542426	0.106921	0.833272	0.193395	-0.981121	-0.000000	0.260576	0.172888	-0.111834	0.824019	-0.543160	0.161151	-0.561691	-0.820409	0.106921	0.074134	-0.178622	-0.981121	0.260576	0.172888	-0.111834	0.829753	-0.128402	0.543160	-0.491951	0.291400	0.820409	-0.263619	-0.947945	0.178622	0.253129	0.189789	-0.166815	-0.008736	-0.991684	-0.128402	-0.956152	-0.029307	0.291400	-0.292739	0.125318	-0.947945	
0.280000	0.000000	0.000000	0.000000	0.835226	-0.549908	0.000000	0.549908	0.835226	0.000000	0.000000	0.000000	1.000000	0.000000	0.000000	0.000000	0.789986	-0.271152	0.549908	0.520122	-0.178525	-0.835226	0.324646	0.945836	0.000000	0.145357	0.095702	0.059735	0.818416	0.166722	-0.549908	0.538841	0.109769	0.835226	0.199613	-0.979875	-0.000000	0.262332	0.172718	-0.111761	0.820640	-0.546584	0.166722	-0.566344	-0.816826	0.109769	0.076185	-0.184502	-0.979875	0.262332	0.172718	-0.111761	0.829054	-0.117961	0.546584	-0.496800	0.293232	0.816826	-0.256630	-0.948736	0.184502	0.255490	0.189725	-0.166787	-0.011995	-0.992946	-0.117961	-0.955757	-0.023290	0.293232	-0.293911	0.116260	-0.948736	
0.290000	0.000000	0.000000	0.000000	0.837132	-0.547000	0.000000	0.547000	0.837132	0.000000	0.000000	0.000000	1.000000	0.000000	0.000000	0.000000	0.793076	-0.267994	0.547000	0.518213	-0.175113	-0.837132	0.320133	0.947372	0.000000	0.145926	0.095351	0.058905	0.819204	0.172325	-0.547000	0.535285	0.112601	0.837132	0.205852	-0.978583	-0.000000	0.264080	0.172555	-0.111695	0.817256	-0.549906	0.172325	-0.570941	-0.813232	0.112601	0.078221	-0.190412	-0.978583	0.264080	0.172555	-0.111695	0.828283	-0.107475	0.549906	-0.501638	0.294978	0.813232	-0.249613	-0.949440	0.190412	0.257846	0.189664	-0.166763	-0.015207	-0.994091	-0.107475	-0.955348	-0.017277	0.294978	-0.295092	0.107162	-0.949440	
0.300000	0.000000	0.000000	0.000000	0.838989	-0.544148	0.000000	0.544148	0.838989	0.000000	0.000000	0.000000	1.000000	0.000000	0.000000	0.000000	0.796131	-0.264724	0.544148	0.516352	-0.171694	-0.838989	0.315527	0.948917	0.000000	0.146488	0.095009	0.058057	0.819901	0.177947	-0.544148	0.531768	0.115412	0.838989	0.212097	-0.977249	-0.000000	0.265815	0.172402	-0.111638	0.813877	-0.553118	0.177947	-0.575471	-0.809638	0.115412	0.080236	-0.196334	-0.977249	0.265815	0.172402	-0.111638	0.827440	-0.096973	0.553118	-0.506453	0.296633	0.809638	-0.242586	-0.950055	0.196334	0.260191	0.189606	-0.166741	-0.018365	-0.995118	-0.096973	-0.954925	-0.011284	0.296633	-0.296279	0.098049	-0.950055	
0.310000	0.000000	0.000000	0.000000	0.840792	-0.541359	0.000000	0.541359	0.840792	0.000000	0.000000	0.000000	1.000000	0.000000	0.000000	0.000000	0.799141	-0.261351	0.541359	0.514541	-0.168275	-0.840792	0.310839	0.950463	0.000000	0.147042	0.094676	0.057194	0.820508	0.183570	-0.541359	0.528298	0.118195	0.840792	0.218330	-0.975875	-0.000000	0.267534	0.172257	-0.111589	0.810512	-0.556212	0.183570	-0.579921	-0.806053	0.118195	0.082226	-0.202255	-0.975875	0.267534	0.172257	-0.111589	0.826528	-0.086482	0.556212	-0.511232	0.298195	0.806053	-0.235569	-0.950579	0.202255	0.262518	0.189552	-0.166723	-0.021461	-0.996022	-0.086482	-0.954490	-0.005325	0.298195	-0.297470	0.088945	-0.950579	
0.320000	0.000000	0.000000	0.000000	0.842538	-0.538637	0.000000	0.538637	0.842538	0.000000	0.000000	0.000000	1.000000	0.000000	0.000000	0.000000	0.802100	-0.257886	0.538637	0.512785	-0.164867	-0.842538	0.306082	0.952005	0.000000	0.147586	0.094352	0.056319	0.821024	0.189180	-0.538637	0.524883	0.120943	0.842538	0.224536	-0.974466	-0.000000	0.269231	0.172120	-0.111549	0.807171	-0.559183	0.189180	-0.584283	-0.802487	0.120943	0.084185	-0.208157	-0.974466	0.269231	0.172120	-0.111549	0.825551	-0.076032	0.559183	-0.515962	0.299662	0.802487	-0.228580	-0.951011	0.208157	0.264821	0.189501	-0.166708	-0.024489	-0.996805	-0.076032	-0.954045	0.000582	0.299662	-0.298660	0.079876	-0.951011	
0.330000	0.000000	0.000000	0.000000	0.844225	-0.535989	0.000000	0.535989	0.844225	0.000000	0.000000	0.000000	1.000000	0.000000	0.000000	0.000000	0.805001	-0.254340	0.535989	0.511086	-0.161478	-0.844225	0.301271	0.953539	0.000000	0.148120	0.094040	0.055434	0.821453	0.194760	-0.535989	0.521531	0.123651	0.844225	0.230696	-0.973026	-0.000000	0.270903	0.171993	-0.111518	0.803864	-0.562024	0.194760	-0.588547	-0.798951	0.123651	0.086109	-0.214024	-0.973026	0.270903	0.171993	-0.111518	0.824511	-0.065653	0.562024	-0.520631	0.301032	0.798951	-0.221640	-0.951351	0.214024	0.267095	0.189453	-0.166696	-0.027442	-0.997465	-0.065653	-0.953592	0.006421	0.301032	-0.299848	0.070867	-0.951351	
0.340000	0.000000	0.000000	0.000000	0.845850	-0.533421	0.000000	0.533421	0.845850	0.000000	0.000000	0.000000	1.000000	0.000000	0.000000	0.000000	0.807835	-0.250728	0.533421	0.509447	-0.158117	-0.845850	0.296421	0.955057	0.000000	0.148642	0.093738	0.054541	0.821794	0.200293	-0.533421	0.518250	0.126311	0.845850	0.236795	-0.971560	-0.000000	0.272544	0.171875	-0.111494	0.800600	-0.564732	0.200293	-0.592703	-0.795455	0.126311	0.087992	-0.219839	-0.971560	0.272544	0.171875	-0.111494	0.823415	-0.055375	0.564732	-0.525226	0.302306	0.795455	-0.214770	-0.951601	0.219839	0.269332	0.189409	-0.166687	-0.030312	-0.998005	-0.055375	-0.953133	0.012176	0.302306	-0.301028	0.061943	-0.951601	
0.350000	0.000000	0.000000	0.000000	0.847412	-0.530936	0.000000	0.530936	0.847412	0.000000	0.000000	0.000000	1.000000	0.000000	0.000000	0.000000	0.810597	-0.247062	0.530936	0.507870	-0.154794	-0.847412	0.291549	0.956556	0.000000	0.149150	0.093448	0.053645	0.822051	0.205762	-0.530936	0.515047	0.128918	0.847412	0.242813	-0.970073	-0.000000	0.274150	0.171766	-0.111480	0.797390	-0.567302	0.205762	-0.596741	-0.792010	0.128918	0.089830	-0.225585	-0.970073	0.274150	0.171766	-0.111480	0.822267	-0.045229	0.567302	-0.529734	0.303483	0.792010	-0.207988	-0.951763	0.225585	0.271527	0.189368	-0.166682	-0.033096	-0.998428	-0.045229	-0.952670	0.017831	0.303483	-0.302200	0.053132	-0.951763	
0.360000	0.000000	0.000000	0.000000	0.848908	-0.528541	0.000000	0.528541	0.848908	0.000000	0.000000	0.000000	1.000000	0.000000	0.000000	0.000000	0.813278	-0.243360	0.528541	0.506357	-0.151519	-0.848908	0.286674	0.958028	0.000000	0.149643	0.093170	0.052748	0.822229	0.211151	-0.528541	0.511930	0.131465	0.848908	0.248732	-0.968572	-0.000000	0.275718	0.171666	-0.111473	0.794242	-0.569733	0.211151	-0.600655	-0.788626	0.131465	0.091619	-0.231244	-0.968572	0.275718	0.171666	-0.111473	0.821074	-0.035246	0.569733	-0.534143	0.304565	0.788626	-0.201317	-0.951839	0.231244	0.273674	0.189331	-0.166679	-0.035785	-0.998738	-0.035246	-0.952205	0.023370	0.304565	-0.303357	0.044461	-0.951839	
0.370000	0.000000	0.000000	0.000000	0.850337	-0.526239	0.000000	0.526239	0.850337	0.000000	0.000000	0.000000	1.000000	0.000000	0.000000	0.000000	0.815872	-0.239637	0.526239	0.504910	-0.148302	-0.850337	0.281814	0.959469	0.000000	0.150120	0.092903	0.051854	0.822330	0.216441	-0.526239	0.508906	0.133946	0.850337	0.254536	-0.967063	-0.000000	0.277243	0.171574	-0.111473	0.791166	-0.572022	0.216441	-0.604434	-0.785314	0.133946	0.093354	-0.236798	-0.967063	0.277243	0.171574	-0.111473	0.819843	-0.025459	0.572022	-0.538441	0.305554	0.785314	-0.194777	-0.951834	0.236798	0.275766	0.189296	-0.166680	-0.038377	-0.998939	-0.025459	-0.951740	0.028776	0.305554	-0.304498	0.035957	-0.951834	
0.380000	0.000000	0.000000	0.000000	0.851698	-0.524033	0.000000	0.524033	0.851698	0.000000	0.000000	0.000000	1.000000	0.000000	0.000000	0.000000	0.818373	-0.235913	0.524033	0.503529	-0.145153	-0.851698	0.276991	0.960872	0.000000	0.150581	0.092649	0.050966	0.822360	0.221615	-0.524033	0.505982	0.136355	0.851698	0.260203	-0.965554	-0.000000	0.278720	0.171491	-0.111481	0.788174	-0.574168	0.221615	-0.608072	-0.782084	0.136355	0.095030	-0.242229	-0.965554	0.278720	0.171491	-0.111481	0.818583	-0.015900	0.574168	-0.542615	0.306453	0.782084	-0.188391	-0.951753	0.242229	0.277798	0.189265	-0.166683	-0.040864	-0.999038	-0.015900	-0.951277	0.034033	0.306453	-0.305617	0.027648	-0.951753	
0.390000	0.000000	0.000000	0.000000	0.852989	-0.521929	0.000000	0.521929	0.852989	0.000000	0.000000	0.000000	1.000000	0.000000	0.000000	0.000000	0.820775	-0.232206	0.521929	0.502217	-0.142083	-0.852989	0.272226	0.962233	0.000000	0.151023	0.092408	0.050090	0.822325	0.226653	-0.521929	0.503166	0.138685	0.852989	0.265716	-0.964051	-0.000000	0.280146	0.171416	-0.111496	0.785273	-0.576173	0.226653	-0.611561	-0.778948	0.138685	0.096645	-0.247518	-0.964051	0.280146	0.171416	-0.111496	0.817301	-0.006602	0.576173	-0.546653	0.307263	0.778948	-0.182179	-0.951602	0.247518	0.279763	0.189238	-0.166689	-0.043243	-0.999043	-0.006602	-0.950820	0.039125	0.307263	-0.306711	0.019564	-0.951602	
0.400000	0.000000	0.000000	0.000000	0.854210	-0.519928	0.000000	0.519928	0.854210	0.000000	0.000000	0.000000	1.000000	0.000000	0.000000	0.000000	0.823071	-0.228537	0.519928	0.500975	-0.139103	-0.854210	0.267542	0.963546	0.000000	0.151445	0.092179	0.049228	0.822231	0.231538	-0.519928	0.500464	0.140929	0.854210	0.271056	-0.962564	-0.000000	0.281516	0.171349	-0.111516	0.782474	-0.578035	0.231538	-0.614892	-0.775917	0.140929	0.098192	-0.252645	-0.962564	0.281516	0.171349	-0.111516	0.816009	0.002403	0.578035	-0.550542	0.307989	0.775917	-0.176164	-0.951387	0.252645	0.281656	0.189213	-0.166696	-0.045508	-0.998961	0.002403	-0.950370	0.044035	0.307989	-0.307775	0.011733	-0.951387	
0.410000	0.000000	0.000000	0.000000	0.855359	-0.518035	0.000000	0.518035	0.855359	0.000000	0.000000	0.000000	1.000000	0.000000	0.000000	0.000000	0.825256	-0.224928	0.518035	0.499803	-0.136224	-0.855359	0.262964	0.964806	0.000000	0.151847	0.091964	0.048385	0.822086	0.236251	-0.518035	0.497884	0.143082	0.855359	0.276201	-0.961100	-0.000000	0.282827	0.171290	-0.111542	0.779787	-0.579756	0.236251	-0.618060	-0.773000	0.143082	0.099670	-0.257591	-0.961100	0.282827	0.171290	-0.111542	0.814715	0.011079	0.579756	-0.554269	0.308636	0.773000	-0.170369	-0.951116	0.257591	0.283470	0.189191	-0.166706	-0.047656	-0.998802	0.011079	-0.949930	0.048748	0.308636	-0.308806	0.004184	-0.951116	
0.420000	0.000000	0.000000	0.000000	0.856436	-0.516253	0.000000	0.516253	0.856436	0.000000	0.000000	0.000000	1.000000	0.000000	0.000000	0.000000	0.827324	-0.221402	0.516253	0.498704	-0.133459	-0.856436	0.258516	0.966007	0.000000	0.152228	0.091761	0.047567	0.821895	0.240772	-0.516253	0.495432	0.145135	0.856436	0.281133	-0.959669	-0.000000	0.284074	0.171237	-0.111572	0.777221	-0.581340	0.240772	-0.621057	-0.770211	0.145135	0.101072	-0.262336	-0.959669	0.284074	0.171237	-0.111572	0.813430	0.019394	0.581340	-0.557824	0.309206	0.770211	-0.164816	-0.950797	0.262336	0.285199	0.189171	-0.166718	-0.049682	-0.998577	0.019394	-0.949503	0.053246	0.309206	-0.309798	-0.003052	-0.950797	
0.430000	0.000000	0.000000	0.000000	0.857440	-0.514583	0.000000	0.514583	0.857440	0.000000	0.000000	0.000000	1.000000	0.000000	0.000000	0.000000	0.829269	-0.217983	0.514583	0.497677	-0.130820	-0.857440	0.254225	0.967145	0.000000	0.152586	0.091573	0.046777	0.821668	0.245082	-0.514583	0.493115	0.147083	0.857440	0.285830	-0.958280	-0.000000	0.285253	0.171192	-0.111605	0.774787	-0.582787	0.245082	-0.623875	-0.767558	0.147083	0.102397	-0.266859	-0.958280	0.285253	0.171192	-0.111605	0.812166	0.027312	0.582787	-0.561193	0.309705	0.767558	-0.159528	-0.950440	0.266859	0.286838	0.189155	-0.166731	-0.051583	-0.998295	0.027312	-0.949092	0.057514	0.309705	-0.310748	-0.009946	-0.950440	
0.440000	0.000000	0.000000	0.000000	0.858371	-0.513030	0.000000	0.513030	0.858371	0.000000	0.000000	0.000000	1.000000	0.000000	0.000000	0.000000	0.831088	-0.214693	0.513030	0.496724	-0.128318	-0.858371	0.250117	0.968216	0.000000	0.152920	0.091397	0.046022	0.821413	0.249161	-0.513030	0.490941	0.148918	0.858371	0.290272	-0.956944	-0.000000	0.286361	0.171152	-0.111641	0.772493	-0.584101	0.249161	-0.626510	-0.765055	0.148918	0.103639	-0.271140	-0.956944	0.286361	0.171152	-0.111641	0.810935	0.034798	0.584101	-0.564363	0.310138	0.765055	-0.154529	-0.950055	0.271140	0.288380	0.189140	-0.166745	-0.053354	-0.997969	0.034798	-0.948698	0.061534	0.310138	-0.311649	-0.016466	-0.950055	
0.450000	0.000000	0.000000	0.000000	0.859226	-0.511596	0.000000	0.511596	0.859226	0.000000	0.000000	0.000000	1.000000	0.000000	0.000000	0.000000	0.832774	-0.211560	0.511596	0.495845	-0.125966	-0.859226	0.246221	0.969214	0.000000	0.153230	0.091236	0.045305	0.821137	0.252989	-0.511596	0.488917	0.150633	0.859226	0.294438	-0.955670	-0.000000	0.287393	0.171118	-0.111679	0.770349	-0.585286	0.252989	-0.628952	-0.762711	0.150633	0.104794	-0.275158	-0.955670	0.287393	0.171118	-0.111679	0.809748	0.041817	0.585286	-0.567323	0.310510	0.762711	-0.149842	-0.949650	0.275158	0.289819	0.189128	-0.166759	-0.054992	-0.997611	0.041817	-0.948325	0.065291	0.310510	-0.312498	-0.022581	-0.949650	
0.460000	0.000000	0.000000	0.000000	0.860007	-0.510283	0.000000	0.510283	0.860007	0.000000	0.000000	0.000000	1.000000	0.000000	0.000000	0.000000	0.834323	-0.208608	0.510283	0.495043	-0.123777	-0.860007	0.242566	0.970135	0.000000	0.153515	0.091088	0.044632	0.820850	0.256547	-0.510283	0.487049	0.152221	0.860007	0.298308	-0.954470	-0.000000	0.288346	0.171089	-0.111718	0.768365	-0.586344	0.256547	-0.631197	-0.760539	0.152221	0.105860	-0.278893	-0.954470	0.288346	0.171089	-0.111718	0.808619	0.048334	0.586344	-0.570060	0.310826	0.760539	-0.145491	-0.949237	0.278893	0.291150	0.189117	-0.166774	-0.056493	-0.997232	0.048334	-0.947976	0.068768	0.310826	-0.313289	-0.028260	-0.949237	
0.470000	0.000000	0.000000	0.000000	0.860711	-0.509094	0.000000	0.509094	0.860711	0.000000	0.000000	0.000000	1.000000	0.000000	0.000000	0.000000	0.835730	-0.205863	0.509094	0.494318	-0.121764	-0.860711	0.239178	0.970976	0.000000	0.153774	0.090954	0.044009	0.820561	0.259813	-0.509094	0.485346	0.153674	0.860711	0.301859	-0.953353	-0.000000	0.289215	0.171065	-0.111757	0.766550	-0.587281	0.259813	-0.633237	-0.758548	0.153674	0.106831	-0.282322	-0.953353	0.289215	0.171065	-0.111757	0.807559	0.054314	0.587281	-0.572562	0.311091	0.758548	-0.141498	-0.948827	0.282322	0.292366	0.189109	-0.166789	-0.057854	-0.996847	0.054314	-0.947653	0.071949	0.311091	-0.314018	-0.033473	-0.948827	
0.480000	0.000000	0.000000	0.000000	0.861338	-0.508032	0.000000	0.508032	0.861338	0.000000	0.000000	0.000000	1.000000	0.000000	0.000000	0.000000	0.836990	-0.203351	0.508032	0.493671	-0.119940	-0.861338	0.236088	0.971732	0.000000	0.154006	0.090835	0.043440	0.820278	0.262769	-0.508032	0.483814	0.154986	0.861338	0.305070	-0.952330	-0.000000	0.289997	0.171045	-0.111794	0.764914	-0.588098	0.262769	-0.635065	-0.756751	0.154986	0.107704	-0.285426	-0.952330	0.289997	0.171045	-0.111794	0.806582	0.059720	0.588098	-0.574816	0.311311	0.756751	-0.137889	-0.948430	0.285426	0.293461	0.189101	-0.166803	-0.059070	-0.996466	0.059720	-0.947358	0.074816	0.311311	-0.314679	-0.038187	-0.948430	
0.490000	0.000000	0.000000	0.000000	0.861887	-0.507100	0.000000	0.507100	0.861887	0.000000	0.000000	0.000000	1.000000	0.000000	0.000000	0.000000	0.838098	-0.201099	0.507100	0.493104	-0.118318	-0.861887	0.233324	0.972399	0.000000	0.154210	0.090731	0.042932	0.820010	0.265393	-0.507100	0.482461	0.156147	0.861887	0.307921	-0.951412	-0.000000	0.290688	0.171029	-0.111829	0.763465	-0.588801	0.265393	-0.636674	-0.755159	0.156147	0.108475	-0.288182	-0.951412	0.290688	0.171029	-0.111829	0.805699	0.064517	0.588801	-0.576809	0.311491	0.755159	-0.134686	-0.948056	0.288182	0.294430	0.189096	-0.166817	-0.060138	-0.996103	0.064517	-0.947095	0.077354	0.311491	-0.315267	-0.042371	-0.948056	
0.500000	0.000000	0.000000	0.000000	0.862357	-0.506301	0.000000	0.506301	0.862357	0.000000	0.000000	0.000000	1.000000	0.000000	0.000000	0.000000	0.839051	-0.199130	0.506301	0.492618	-0.116912	-0.862357	0.230914	0.972974	0.000000	0.154385	0.090642	0.042488	0.819765	0.267666	-0.506301	0.481294	0.157150	0.862357	0.310389	-0.950609	-0.000000	0.291284	0.171016	-0.111861	0.762215	-0.589392	0.267666	-0.638058	-0.753781	0.157150	0.109139	-0.290569	-0.950609	0.291284	0.171016	-0.111861	0.804923	0.068669	0.589392	-0.578531	0.311634	0.753781	-0.131913	-0.947718	0.290569	0.295267	0.189091	-0.166829	-0.061055	-0.995769	0.068669	-0.946867	0.079547	0.311634	-0.315778	-0.045994	-0.947718	
0.510000	0.000000	0.000000	0.000000	0.862746	-0.505638	0.000000	0.505638	0.862746	0.000000	0.000000	0.000000	1.000000	0.000000	0.000000	0.000000	0.839843	-0.197471	0.505638	0.492215	-0.115734	-0.862746	0.228886	0.973453	0.000000	0.154531	0.090568	0.042115	0.819550	0.269569	-0.505638	0.480322	0.157989	0.862746	0.312455	-0.949933	-0.000000	0.291780	0.171007	-0.111889	0.761171	-0.589874	0.269569	-0.639208	-0.752631	0.157989	0.109692	-0.292567	-0.949933	0.291780	0.171007	-0.111889	0.804266	0.072143	0.589874	-0.579967	0.311746	0.752631	-0.129594	-0.947423	0.292567	0.295965	0.189088	-0.166839	-0.061815	-0.995477	0.072143	-0.946674	0.081377	0.311746	-0.316207	-0.049025	-0.947423	
0.520000	0.000000	0.000000	0.000000	0.863052	-0.505115	0.000000	0.505115	0.863052	0.000000	0.000000	0.000000	1.000000	0.000000	0.000000	0.000000	0.840468	-0.196143	0.505115	0.491897	-0.114796	-0.863052	0.227267	0.973832	0.000000	0.154646	0.090509	0.041817	0.819374	0.271081	-0.505115	0.479552	0.158654	0.863052	0.314096	-0.949391	-0.000000	0.292174	0.170999	-0.111912	0.760343	-0.590249	0.271081	-0.640117	-0.751717	0.158654	0.110131	-0.294155	-0.949391	0.292174	0.170999	-0.111912	0.803739	0.074903	0.590249	-0.581106	0.311829	0.751717	-0.127751	-0.947181	0.294155	0.296518	0.189085	-0.166848	-0.062416	-0.995236	0.074903	-0.946521	0.082829	0.311829	-0.316548	-0.051434	-0.947181	
0.530000	0.000000	0.000000	0.000000	0.863274	-0.504736	0.000000	0.504736	0.863274	0.000000	0.000000	0.000000	1.000000	0.000000	0.000000	0.000000	0.840922	-0.195171	0.504736	0.491667	-0.114112	-0.863274	0.226082	0.974108	0.000000	0.154730	0.090467	0.041599	0.819242	0.272184	-0.504736	0.478991	0.159139	0.863274	0.315292	-0.948995	-0.000000	0.292460	0.170994	-0.111929	0.759740	-0.590518	0.272184	-0.640778	-0.751052	0.159139	0.110449	-0.295314	-0.948995	0.292460	0.170994	-0.111929	0.803351	0.076914	0.590518	-0.581935	0.311887	0.751052	-0.126408	-0.947001	0.295314	0.296921	0.189084	-0.166855	-0.062851	-0.995055	0.076914	-0.946409	0.083886	0.311887	-0.316796	-0.053190	-0.947001	
0.540000	0.000000	0.000000	0.000000	0.863409	-0.504504	0.000000	0.504504	0.863409	0.000000	0.000000	0.000000	1.000000	0.000000	0.000000	0.000000	0.841199	-0.194574	0.504504	0.491527	-0.113693	-0.863409	0.225356	0.974277	0.000000	0.154781	0.090441	0.041465	0.819160	0.272859	-0.504504	0.478649	0.159436	0.863409	0.316025	-0.948751	-0.000000	0.292634	0.170991	-0.111939	0.759372	-0.590680	0.272859	-0.641181	-0.750645	0.159436	0.110644	-0.296023	-0.948751	0.292634	0.170991	-0.111939	0.803113	0.078145	0.590680	-0.582441	0.311921	0.750645	-0.125586	-0.946889	0.296023	0.297167	0.189083	-0.166859	-0.063116	-0.994942	0.078145	-0.946340	0.084532	0.311921	-0.316949	-0.054265	-0.946889	
0.550000	0.000000	0.000000	0.000000	0.863455	-0.504426	0.000000	0.504426	0.863455	0.000000	0.000000	0.000000	1.000000	0.000000	0.000000	0.000000	0.841293	-0.194371	0.504426	0.491480	-0.113551	-0.863455	0.225109	0.974334	0.000000	0.154798	0.090432	0.041420	0.819132	0.273087	-0.504426	0.478533	0.159536	0.863455	0.316273	-0.948668	-0.000000	0.292694	0.170990	-0.111943	0.759247	-0.590735	0.273087	-0.641317	-0.750507	0.159536	0.110710	-0.296263	-0.948668	0.292694	0.170990	-0.111943	0.803032	0.078563	0.590735	-0.582613	0.311932	0.750507	-0.125307	-0.946851	0.296263	0.297250	0.189082	-0.166860	-0.063206	-0.994903	0.078563	-0.946317	0.084751	0.311932	-0.317001	-0.054629	-0.946851	
0.550000	0.000000	0.000000	0.000000	0.863455	-0.504426	0.000000	0.504426	0.863455	0.000000	0.000000	0.000000	1.000000	0.000000	0.000000	0.000000	0.841293	-0.194371	0.504426	0.491480	-0.113551	-0.863455	0.225108	0.974334	0.000000	0.154798	0.090432	0.041420	0.819132	0.273087	-0.504426	0.478533	0.159536	0.863455	0.316273	-0.948668	-0.000000	0.292694	0.170990	-0.111943	0.759247	-0.590735	0.273087	-0.641317	-0.750507	0.159536	0.110710	-0.296263	-0.948668	0.292694	0.170990	-0.111943	0.803032	0.078563	0.590735	-0.582613	0.311932	0.750507	-0.125307	-0.946851	0.296263	0.297250	0.189082	-0.166860	-0.063206	-0.994903	0.078563	-0.946317	0.084751	0.311932	-0.317001	-0.054629	-0.946851	
0.560000	0.000000	0.000000	0.000000	0.863328	-0.504642	0.000000	0.504642	0.863328	0.000000	0.000000	0.000000	1.000000	0.000000	0.000000	0.000000	0.841205	-0.194192	0.504642	0.491711	-0.113511	-0.863328	0.224934	0.974374	0.000000	0.154782	0.090475	0.041388	0.818963	0.273195	-0.504642	0.478709	0.159691	0.863328	0.316444	-0.948611	-0.000000	0.292681	0.171081	-0.111946	0.759357	-0.590543	0.273195	-0.641179	-0.750592	0.159691	0.110754	-0.296430	-0.948611	0.292681	0.171081	-0.111946	0.803160	0.078697	0.590543	-0.582463	0.312007	0.750592	-0.125185	-0.946815	0.296430	0.297246	0.189178	-0.166861	-0.062976	-0.994907	0.078697	-0.946307	0.084580	0.312007	-0.317075	-0.054822	-0.946815	
